81 81 273
1 1 1.00000000
2 2 4.00000000
9 2 0.33333333
18 2 0.33333333
27 2 -1.33333333
36 2 -1.33333333
51 2 -1.33333333
57 2 -1.33333333
3 3 1.00000000
4 4 1.00000000
5 5 4.00000000
8 5 0.33333333
19 5 0.33333333
30 5 -1.33333333
33 5 -1.33333333
53 5 -1.33333333
55 5 -1.33333333
6 6 1.00000000
7 7 4.00000000
8 7 0.33333333
9 7 0.33333333
18 7 0.33333333
19 7 0.33333333
34 7 -1.33333333
37 7 -1.33333333
50 7 -1.33333333
52 7 -1.33333333
5 8 0.33333333
7 8 0.33333333
8 8 4.00000000
11 8 0.33333333
33 8 -1.33333333
34 8 -1.33333333
45 8 -1.33333333
46 8 -1.33333333
2 9 0.33333333
7 9 0.33333333
9 9 4.00000000
14 9 0.33333333
36 9 -1.33333333
37 9 -1.33333333
48 9 -1.33333333
49 9 -1.33333333
10 10 1.00000000
8 11 0.33333333
11 11 4.00000000
18 11 0.33333333
39 11 -1.33333333
45 11 -1.33333333
59 11 -1.33333333
63 11 -1.33333333
12 12 1.00000000
13 13 1.00000000
9 14 0.33333333
14 14 4.00000000
19 14 0.33333333
42 14 -1.33333333
48 14 -1.33333333
61 14 -1.33333333
65 14 -1.33333333
15 15 1.00000000
16 16 1.00000000
17 17 1.00000000
2 18 0.33333333
7 18 0.33333333
11 18 0.33333333
18 18 4.00000000
50 18 -1.33333333
51 18 -1.33333333
62 18 -1.33333333
63 18 -1.33333333
5 19 0.33333333
7 19 0.33333333
14 19 0.33333333
19 19 4.00000000
52 19 -1.33333333
53 19 -1.33333333
64 19 -1.33333333
65 19 -1.33333333
20 20 1.00000000
21 21 1.00000000
22 22 1.00000000
23 23 1.00000000
24 24 1.00000000
25 25 1.00000000
26 26 5.33333333
27 26 -1.33333333
57 26 -1.33333333
2 27 -1.33333333
26 27 -1.33333333
27 27 5.33333333
67 27 -1.33333333
28 28 1.00000000
29 29 5.33333333
30 29 -1.33333333
55 29 -1.33333333
5 30 -1.33333333
29 30 -1.33333333
30 30 5.33333333
69 30 -1.33333333
31 31 1.00000000
32 32 5.33333333
33 32 -1.33333333
34 32 -1.33333333
52 32 -1.33333333
53 32 -1.33333333
5 33 -1.33333333
8 33 -1.33333333
32 33 -1.33333333
33 33 5.33333333
70 33 -1.33333333
7 34 -1.33333333
8 34 -1.33333333
32 34 -1.33333333
34 34 5.33333333
80 34 -1.33333333
35 35 5.33333333
36 35 -1.33333333
37 35 -1.33333333
50 35 -1.33333333
51 35 -1.33333333
2 36 -1.33333333
9 36 -1.33333333
35 36 -1.33333333
36 36 5.33333333
72 36 -1.33333333
7 37 -1.33333333
9 37 -1.33333333
35 37 -1.33333333
37 37 5.33333333
81 37 -1.33333333
38 38 5.33333333
39 38 -1.33333333
62 38 -1.33333333
63 38 -1.33333333
11 39 -1.33333333
38 39 -1.33333333
39 39 5.33333333
75 39 -1.33333333
40 40 1.00000000
41 41 5.33333333
42 41 -1.33333333
64 41 -1.33333333
65 41 -1.33333333
14 42 -1.33333333
41 42 -1.33333333
42 42 5.33333333
78 42 -1.33333333
43 43 1.00000000
44 44 5.33333333
45 44 -1.33333333
46 44 -1.33333333
59 44 -1.33333333
8 45 -1.33333333
11 45 -1.33333333
44 45 -1.33333333
45 45 5.33333333
80 45 -1.33333333
8 46 -1.33333333
44 46 -1.33333333
46 46 5.33333333
70 46 -1.33333333
47 47 5.33333333
48 47 -1.33333333
49 47 -1.33333333
61 47 -1.33333333
9 48 -1.33333333
14 48 -1.33333333
47 48 -1.33333333
48 48 5.33333333
81 48 -1.33333333
9 49 -1.33333333
47 49 -1.33333333
49 49 5.33333333
72 49 -1.33333333
7 50 -1.33333333
18 50 -1.33333333
35 50 -1.33333333
50 50 5.33333333
80 50 -1.33333333
2 51 -1.33333333
18 51 -1.33333333
35 51 -1.33333333
51 51 5.33333333
67 51 -1.33333333
7 52 -1.33333333
19 52 -1.33333333
32 52 -1.33333333
52 52 5.33333333
81 52 -1.33333333
5 53 -1.33333333
19 53 -1.33333333
32 53 -1.33333333
53 53 5.33333333
69 53 -1.33333333
54 54 1.00000000
5 55 -1.33333333
29 55 -1.33333333
55 55 5.33333333
70 55 -1.33333333
56 56 1.00000000
2 57 -1.33333333
26 57 -1.33333333
57 57 5.33333333
72 57 -1.33333333
58 58 1.00000000
11 59 -1.33333333
44 59 -1.33333333
59 59 5.33333333
75 59 -1.33333333
60 60 1.00000000
14 61 -1.33333333
47 61 -1.33333333
61 61 5.33333333
78 61 -1.33333333
18 62 -1.33333333
38 62 -1.33333333
62 62 5.33333333
67 62 -1.33333333
11 63 -1.33333333
18 63 -1.33333333
38 63 -1.33333333
63 63 5.33333333
80 63 -1.33333333
19 64 -1.33333333
41 64 -1.33333333
64 64 5.33333333
69 64 -1.33333333
14 65 -1.33333333
19 65 -1.33333333
41 65 -1.33333333
65 65 5.33333333
81 65 -1.33333333
66 66 1.00000000
27 67 -1.33333333
51 67 -1.33333333
62 67 -1.33333333
67 67 5.33333333
68 68 1.00000000
30 69 -1.33333333
53 69 -1.33333333
64 69 -1.33333333
69 69 5.33333333
33 70 -1.33333333
46 70 -1.33333333
55 70 -1.33333333
70 70 5.33333333
71 71 1.00000000
36 72 -1.33333333
49 72 -1.33333333
57 72 -1.33333333
72 72 5.33333333
73 73 1.00000000
74 74 1.00000000
39 75 -1.33333333
59 75 -1.33333333
75 75 5.33333333
76 76 1.00000000
77 77 1.00000000
42 78 -1.33333333
61 78 -1.33333333
78 78 5.33333333
79 79 1.00000000
34 80 -1.33333333
45 80 -1.33333333
50 80 -1.33333333
63 80 -1.33333333
80 80 5.33333333
37 81 -1.33333333
48 81 -1.33333333
52 81 -1.33333333
65 81 -1.33333333
81 81 5.33333333
