25 25 49
1 1 1.00000000
2 2 4.00000000
11 2 -1.33333333
14 2 -1.33333333
17 2 -1.33333333
19 2 -1.33333333
3 3 1.00000000
4 4 1.00000000
5 5 1.00000000
6 6 1.00000000
7 7 1.00000000
8 8 1.00000000
9 9 1.00000000
10 10 5.33333333
11 10 -1.33333333
19 10 -1.33333333
2 11 -1.33333333
10 11 -1.33333333
11 11 5.33333333
21 11 -1.33333333
12 12 1.00000000
13 13 5.33333333
14 13 -1.33333333
17 13 -1.33333333
2 14 -1.33333333
13 14 -1.33333333
14 14 5.33333333
24 14 -1.33333333
15 15 1.00000000
16 16 1.00000000
2 17 -1.33333333
13 17 -1.33333333
17 17 5.33333333
21 17 -1.33333333
18 18 1.00000000
2 19 -1.33333333
10 19 -1.33333333
19 19 5.33333333
24 19 -1.33333333
20 20 1.00000000
11 21 -1.33333333
17 21 -1.33333333
21 21 5.33333333
22 22 1.00000000
23 23 1.00000000
14 24 -1.33333333
19 24 -1.33333333
24 24 5.33333333
25 25 1.00000000
