1089 1089 4809
1 1 1.00000000
2 2 4.00000000
411 2 -1.00000000
816 2 -1.00000000
3 3 1.00000000
4 4 1.00000000
5 5 4.00000000
410 5 -1.00000000
817 5 -1.00000000
6 6 1.00000000
7 7 4.00000000
9 7 -1.00000000
11 7 -1.00000000
984 7 -1.00000000
985 7 -1.00000000
8 8 4.00000000
9 8 -1.00000000
409 8 -1.00000000
818 8 -1.00000000
985 8 -1.00000000
7 9 -1.00000000
8 9 -1.00000000
9 9 4.00000000
534 9 -1.00000000
702 9 -1.00000000
10 10 4.00000000
11 10 -1.00000000
408 10 -1.00000000
819 10 -1.00000000
984 10 -1.00000000
7 11 -1.00000000
10 11 -1.00000000
11 11 4.00000000
536 11 -1.00000000
703 11 -1.00000000
12 12 1.00000000
13 13 4.00000000
414 13 -1.00000000
820 13 -1.00000000
990 13 -1.00000000
14 14 1.00000000
15 15 1.00000000
16 16 4.00000000
415 16 -1.00000000
821 16 -1.00000000
991 16 -1.00000000
17 17 1.00000000
18 18 1.00000000
19 19 4.00000000
20 19 -1.00000000
412 19 -1.00000000
822 19 -1.00000000
19 20 -1.00000000
20 20 4.00000000
544 20 -1.00000000
694 20 -1.00000000
21 21 1.00000000
22 22 4.00000000
23 22 -1.00000000
413 22 -1.00000000
823 22 -1.00000000
22 23 -1.00000000
23 23 4.00000000
546 23 -1.00000000
695 23 -1.00000000
24 24 4.00000000
26 24 -1.00000000
33 24 -1.00000000
976 24 -1.00000000
979 24 -1.00000000
25 25 4.00000000
26 25 -1.00000000
403 25 -1.00000000
824 25 -1.00000000
979 25 -1.00000000
24 26 -1.00000000
25 26 -1.00000000
26 26 4.00000000
548 26 -1.00000000
704 26 -1.00000000
27 27 4.00000000
29 27 -1.00000000
31 27 -1.00000000
977 27 -1.00000000
978 27 -1.00000000
28 28 4.00000000
29 28 -1.00000000
402 28 -1.00000000
825 28 -1.00000000
978 28 -1.00000000
27 29 -1.00000000
28 29 -1.00000000
29 29 4.00000000
550 29 -1.00000000
705 29 -1.00000000
30 30 4.00000000
31 30 -1.00000000
401 30 -1.00000000
826 30 -1.00000000
977 30 -1.00000000
27 31 -1.00000000
30 31 -1.00000000
31 31 4.00000000
552 31 -1.00000000
706 31 -1.00000000
32 32 4.00000000
33 32 -1.00000000
400 32 -1.00000000
827 32 -1.00000000
976 32 -1.00000000
24 33 -1.00000000
32 33 -1.00000000
33 33 4.00000000
554 33 -1.00000000
707 33 -1.00000000
34 34 4.00000000
36 34 -1.00000000
41 34 -1.00000000
980 34 -1.00000000
982 34 -1.00000000
35 35 4.00000000
36 35 -1.00000000
406 35 -1.00000000
828 35 -1.00000000
982 35 -1.00000000
34 36 -1.00000000
35 36 -1.00000000
36 36 4.00000000
556 36 -1.00000000
708 36 -1.00000000
37 37 4.00000000
39 37 -1.00000000
43 37 -1.00000000
981 37 -1.00000000
983 37 -1.00000000
38 38 4.00000000
39 38 -1.00000000
407 38 -1.00000000
829 38 -1.00000000
983 38 -1.00000000
37 39 -1.00000000
38 39 -1.00000000
39 39 4.00000000
558 39 -1.00000000
709 39 -1.00000000
40 40 4.00000000
41 40 -1.00000000
404 40 -1.00000000
830 40 -1.00000000
980 40 -1.00000000
34 41 -1.00000000
40 41 -1.00000000
41 41 4.00000000
560 41 -1.00000000
710 41 -1.00000000
42 42 4.00000000
43 42 -1.00000000
405 42 -1.00000000
831 42 -1.00000000
981 42 -1.00000000
37 43 -1.00000000
42 43 -1.00000000
43 43 4.00000000
562 43 -1.00000000
711 43 -1.00000000
44 44 1.00000000
45 45 4.00000000
424 45 -1.00000000
832 45 -1.00000000
1000 45 -1.00000000
46 46 1.00000000
47 47 1.00000000
48 48 4.00000000
425 48 -1.00000000
833 48 -1.00000000
1001 48 -1.00000000
49 49 1.00000000
50 50 4.00000000
52 50 -1.00000000
63 50 -1.00000000
1002 50 -1.00000000
1006 50 -1.00000000
51 51 4.00000000
52 51 -1.00000000
426 51 -1.00000000
834 51 -1.00000000
1002 51 -1.00000000
50 52 -1.00000000
51 52 -1.00000000
52 52 4.00000000
570 52 -1.00000000
678 52 -1.00000000
53 53 4.00000000
55 53 -1.00000000
65 53 -1.00000000
1003 53 -1.00000000
1007 53 -1.00000000
54 54 4.00000000
55 54 -1.00000000
427 54 -1.00000000
835 54 -1.00000000
1003 54 -1.00000000
53 55 -1.00000000
54 55 -1.00000000
55 55 4.00000000
572 55 -1.00000000
679 55 -1.00000000
56 56 1.00000000
57 57 4.00000000
428 57 -1.00000000
836 57 -1.00000000
1004 57 -1.00000000
58 58 1.00000000
59 59 1.00000000
60 60 4.00000000
429 60 -1.00000000
837 60 -1.00000000
1005 60 -1.00000000
61 61 1.00000000
62 62 4.00000000
63 62 -1.00000000
430 62 -1.00000000
838 62 -1.00000000
1006 62 -1.00000000
50 63 -1.00000000
62 63 -1.00000000
63 63 4.00000000
580 63 -1.00000000
670 63 -1.00000000
64 64 4.00000000
65 64 -1.00000000
431 64 -1.00000000
839 64 -1.00000000
1007 64 -1.00000000
53 65 -1.00000000
64 65 -1.00000000
65 65 4.00000000
582 65 -1.00000000
671 65 -1.00000000
66 66 4.00000000
68 66 -1.00000000
85 66 -1.00000000
992 66 -1.00000000
998 66 -1.00000000
67 67 4.00000000
68 67 -1.00000000
416 67 -1.00000000
840 67 -1.00000000
992 67 -1.00000000
66 68 -1.00000000
67 68 -1.00000000
68 68 4.00000000
584 68 -1.00000000
680 68 -1.00000000
69 69 4.00000000
71 69 -1.00000000
87 69 -1.00000000
993 69 -1.00000000
999 69 -1.00000000
70 70 4.00000000
71 70 -1.00000000
417 70 -1.00000000
841 70 -1.00000000
993 70 -1.00000000
69 71 -1.00000000
70 71 -1.00000000
71 71 4.00000000
586 71 -1.00000000
681 71 -1.00000000
72 72 1.00000000
73 73 4.00000000
74 73 -1.00000000
418 73 -1.00000000
842 73 -1.00000000
73 74 -1.00000000
74 74 4.00000000
588 74 -1.00000000
682 74 -1.00000000
75 75 1.00000000
76 76 4.00000000
77 76 -1.00000000
419 76 -1.00000000
843 76 -1.00000000
76 77 -1.00000000
77 77 4.00000000
590 77 -1.00000000
683 77 -1.00000000
78 78 1.00000000
79 79 4.00000000
80 79 -1.00000000
420 79 -1.00000000
844 79 -1.00000000
79 80 -1.00000000
80 80 4.00000000
592 80 -1.00000000
684 80 -1.00000000
81 81 1.00000000
82 82 4.00000000
83 82 -1.00000000
421 82 -1.00000000
845 82 -1.00000000
82 83 -1.00000000
83 83 4.00000000
594 83 -1.00000000
685 83 -1.00000000
84 84 4.00000000
85 84 -1.00000000
422 84 -1.00000000
846 84 -1.00000000
998 84 -1.00000000
66 85 -1.00000000
84 85 -1.00000000
85 85 4.00000000
596 85 -1.00000000
686 85 -1.00000000
86 86 4.00000000
87 86 -1.00000000
423 86 -1.00000000
847 86 -1.00000000
999 86 -1.00000000
69 87 -1.00000000
86 87 -1.00000000
87 87 4.00000000
598 87 -1.00000000
687 87 -1.00000000
88 88 4.00000000
90 88 -1.00000000
119 88 -1.00000000
944 88 -1.00000000
955 88 -1.00000000
89 89 4.00000000
90 89 -1.00000000
359 89 -1.00000000
848 89 -1.00000000
955 89 -1.00000000
88 90 -1.00000000
89 90 -1.00000000
90 90 4.00000000
600 90 -1.00000000
712 90 -1.00000000
91 91 4.00000000
93 91 -1.00000000
117 91 -1.00000000
945 91 -1.00000000
954 91 -1.00000000
92 92 4.00000000
93 92 -1.00000000
357 92 -1.00000000
849 92 -1.00000000
954 92 -1.00000000
91 93 -1.00000000
92 93 -1.00000000
93 93 4.00000000
602 93 -1.00000000
713 93 -1.00000000
94 94 4.00000000
96 94 -1.00000000
115 94 -1.00000000
946 94 -1.00000000
953 94 -1.00000000
95 95 4.00000000
96 95 -1.00000000
355 95 -1.00000000
850 95 -1.00000000
953 95 -1.00000000
94 96 -1.00000000
95 96 -1.00000000
96 96 4.00000000
604 96 -1.00000000
714 96 -1.00000000
97 97 4.00000000
99 97 -1.00000000
113 97 -1.00000000
947 97 -1.00000000
952 97 -1.00000000
98 98 4.00000000
99 98 -1.00000000
353 98 -1.00000000
851 98 -1.00000000
952 98 -1.00000000
97 99 -1.00000000
98 99 -1.00000000
99 99 4.00000000
606 99 -1.00000000
715 99 -1.00000000
100 100 4.00000000
102 100 -1.00000000
125 100 -1.00000000
948 100 -1.00000000
958 100 -1.00000000
101 101 4.00000000
102 101 -1.00000000
365 101 -1.00000000
852 101 -1.00000000
958 101 -1.00000000
100 102 -1.00000000
101 102 -1.00000000
102 102 4.00000000
608 102 -1.00000000
716 102 -1.00000000
103 103 4.00000000
105 103 -1.00000000
127 103 -1.00000000
949 103 -1.00000000
959 103 -1.00000000
104 104 4.00000000
105 104 -1.00000000
367 104 -1.00000000
853 104 -1.00000000
959 104 -1.00000000
103 105 -1.00000000
104 105 -1.00000000
105 105 4.00000000
610 105 -1.00000000
717 105 -1.00000000
106 106 4.00000000
108 106 -1.00000000
121 106 -1.00000000
950 106 -1.00000000
956 106 -1.00000000
107 107 4.00000000
108 107 -1.00000000
361 107 -1.00000000
854 107 -1.00000000
956 107 -1.00000000
106 108 -1.00000000
107 108 -1.00000000
108 108 4.00000000
612 108 -1.00000000
718 108 -1.00000000
109 109 4.00000000
111 109 -1.00000000
123 109 -1.00000000
951 109 -1.00000000
957 109 -1.00000000
110 110 4.00000000
111 110 -1.00000000
363 110 -1.00000000
855 110 -1.00000000
957 110 -1.00000000
109 111 -1.00000000
110 111 -1.00000000
111 111 4.00000000
614 111 -1.00000000
719 111 -1.00000000
112 112 4.00000000
113 112 -1.00000000
343 112 -1.00000000
856 112 -1.00000000
947 112 -1.00000000
97 113 -1.00000000
112 113 -1.00000000
113 113 4.00000000
616 113 -1.00000000
720 113 -1.00000000
114 114 4.00000000
115 114 -1.00000000
341 114 -1.00000000
857 114 -1.00000000
946 114 -1.00000000
94 115 -1.00000000
114 115 -1.00000000
115 115 4.00000000
618 115 -1.00000000
721 115 -1.00000000
116 116 4.00000000
117 116 -1.00000000
339 116 -1.00000000
858 116 -1.00000000
945 116 -1.00000000
91 117 -1.00000000
116 117 -1.00000000
117 117 4.00000000
620 117 -1.00000000
722 117 -1.00000000
118 118 4.00000000
119 118 -1.00000000
337 118 -1.00000000
859 118 -1.00000000
944 118 -1.00000000
88 119 -1.00000000
118 119 -1.00000000
119 119 4.00000000
622 119 -1.00000000
723 119 -1.00000000
120 120 4.00000000
121 120 -1.00000000
349 120 -1.00000000
860 120 -1.00000000
950 120 -1.00000000
106 121 -1.00000000
120 121 -1.00000000
121 121 4.00000000
624 121 -1.00000000
724 121 -1.00000000
122 122 4.00000000
123 122 -1.00000000
351 122 -1.00000000
861 122 -1.00000000
951 122 -1.00000000
109 123 -1.00000000
122 123 -1.00000000
123 123 4.00000000
626 123 -1.00000000
725 123 -1.00000000
124 124 4.00000000
125 124 -1.00000000
345 124 -1.00000000
862 124 -1.00000000
948 124 -1.00000000
100 125 -1.00000000
124 125 -1.00000000
125 125 4.00000000
628 125 -1.00000000
726 125 -1.00000000
126 126 4.00000000
127 126 -1.00000000
347 126 -1.00000000
863 126 -1.00000000
949 126 -1.00000000
103 127 -1.00000000
126 127 -1.00000000
127 127 4.00000000
630 127 -1.00000000
727 127 -1.00000000
128 128 4.00000000
130 128 -1.00000000
153 128 -1.00000000
960 128 -1.00000000
968 128 -1.00000000
129 129 4.00000000
130 129 -1.00000000
385 129 -1.00000000
864 129 -1.00000000
968 129 -1.00000000
128 130 -1.00000000
129 130 -1.00000000
130 130 4.00000000
632 130 -1.00000000
728 130 -1.00000000
131 131 4.00000000
133 131 -1.00000000
155 131 -1.00000000
961 131 -1.00000000
969 131 -1.00000000
132 132 4.00000000
133 132 -1.00000000
387 132 -1.00000000
865 132 -1.00000000
969 132 -1.00000000
131 133 -1.00000000
132 133 -1.00000000
133 133 4.00000000
634 133 -1.00000000
729 133 -1.00000000
134 134 4.00000000
136 134 -1.00000000
157 134 -1.00000000
962 134 -1.00000000
970 134 -1.00000000
135 135 4.00000000
136 135 -1.00000000
389 135 -1.00000000
866 135 -1.00000000
970 135 -1.00000000
134 136 -1.00000000
135 136 -1.00000000
136 136 4.00000000
636 136 -1.00000000
730 136 -1.00000000
137 137 4.00000000
139 137 -1.00000000
159 137 -1.00000000
963 137 -1.00000000
971 137 -1.00000000
138 138 4.00000000
139 138 -1.00000000
391 138 -1.00000000
867 138 -1.00000000
971 138 -1.00000000
137 139 -1.00000000
138 139 -1.00000000
139 139 4.00000000
638 139 -1.00000000
731 139 -1.00000000
140 140 4.00000000
142 140 -1.00000000
161 140 -1.00000000
964 140 -1.00000000
972 140 -1.00000000
141 141 4.00000000
142 141 -1.00000000
393 141 -1.00000000
868 141 -1.00000000
972 141 -1.00000000
140 142 -1.00000000
141 142 -1.00000000
142 142 4.00000000
640 142 -1.00000000
732 142 -1.00000000
143 143 4.00000000
145 143 -1.00000000
163 143 -1.00000000
965 143 -1.00000000
973 143 -1.00000000
144 144 4.00000000
145 144 -1.00000000
395 144 -1.00000000
869 144 -1.00000000
973 144 -1.00000000
143 145 -1.00000000
144 145 -1.00000000
145 145 4.00000000
642 145 -1.00000000
733 145 -1.00000000
146 146 4.00000000
148 146 -1.00000000
165 146 -1.00000000
966 146 -1.00000000
974 146 -1.00000000
147 147 4.00000000
148 147 -1.00000000
397 147 -1.00000000
870 147 -1.00000000
974 147 -1.00000000
146 148 -1.00000000
147 148 -1.00000000
148 148 4.00000000
644 148 -1.00000000
734 148 -1.00000000
149 149 4.00000000
151 149 -1.00000000
167 149 -1.00000000
967 149 -1.00000000
975 149 -1.00000000
150 150 4.00000000
151 150 -1.00000000
399 150 -1.00000000
871 150 -1.00000000
975 150 -1.00000000
149 151 -1.00000000
150 151 -1.00000000
151 151 4.00000000
646 151 -1.00000000
735 151 -1.00000000
152 152 4.00000000
153 152 -1.00000000
369 152 -1.00000000
872 152 -1.00000000
960 152 -1.00000000
128 153 -1.00000000
152 153 -1.00000000
153 153 4.00000000
648 153 -1.00000000
736 153 -1.00000000
154 154 4.00000000
155 154 -1.00000000
371 154 -1.00000000
873 154 -1.00000000
961 154 -1.00000000
131 155 -1.00000000
154 155 -1.00000000
155 155 4.00000000
650 155 -1.00000000
737 155 -1.00000000
156 156 4.00000000
157 156 -1.00000000
373 156 -1.00000000
874 156 -1.00000000
962 156 -1.00000000
134 157 -1.00000000
156 157 -1.00000000
157 157 4.00000000
652 157 -1.00000000
738 157 -1.00000000
158 158 4.00000000
159 158 -1.00000000
375 158 -1.00000000
875 158 -1.00000000
963 158 -1.00000000
137 159 -1.00000000
158 159 -1.00000000
159 159 4.00000000
654 159 -1.00000000
739 159 -1.00000000
160 160 4.00000000
161 160 -1.00000000
377 160 -1.00000000
876 160 -1.00000000
964 160 -1.00000000
140 161 -1.00000000
160 161 -1.00000000
161 161 4.00000000
656 161 -1.00000000
740 161 -1.00000000
162 162 4.00000000
163 162 -1.00000000
379 162 -1.00000000
877 162 -1.00000000
965 162 -1.00000000
143 163 -1.00000000
162 163 -1.00000000
163 163 4.00000000
658 163 -1.00000000
741 163 -1.00000000
164 164 4.00000000
165 164 -1.00000000
381 164 -1.00000000
878 164 -1.00000000
966 164 -1.00000000
146 165 -1.00000000
164 165 -1.00000000
165 165 4.00000000
660 165 -1.00000000
742 165 -1.00000000
166 166 4.00000000
167 166 -1.00000000
383 166 -1.00000000
879 166 -1.00000000
967 166 -1.00000000
149 167 -1.00000000
166 167 -1.00000000
167 167 4.00000000
662 167 -1.00000000
743 167 -1.00000000
168 168 1.00000000
169 169 4.00000000
496 169 -1.00000000
880 169 -1.00000000
1040 169 -1.00000000
170 170 1.00000000
171 171 1.00000000
172 172 4.00000000
497 172 -1.00000000
881 172 -1.00000000
1041 172 -1.00000000
173 173 1.00000000
174 174 4.00000000
176 174 -1.00000000
233 174 -1.00000000
1042 174 -1.00000000
1062 174 -1.00000000
175 175 4.00000000
176 175 -1.00000000
498 175 -1.00000000
882 175 -1.00000000
1042 175 -1.00000000
174 176 -1.00000000
175 176 -1.00000000
176 176 4.00000000
580 176 -1.00000000
581 176 -1.00000000
177 177 4.00000000
179 177 -1.00000000
235 177 -1.00000000
1043 177 -1.00000000
1063 177 -1.00000000
178 178 4.00000000
179 178 -1.00000000
499 178 -1.00000000
883 178 -1.00000000
1043 178 -1.00000000
177 179 -1.00000000
178 179 -1.00000000
179 179 4.00000000
582 179 -1.00000000
583 179 -1.00000000
180 180 1.00000000
181 181 4.00000000
500 181 -1.00000000
884 181 -1.00000000
1044 181 -1.00000000
182 182 1.00000000
183 183 1.00000000
184 184 4.00000000
501 184 -1.00000000
885 184 -1.00000000
1045 184 -1.00000000
185 185 1.00000000
186 186 4.00000000
188 186 -1.00000000
223 186 -1.00000000
1046 186 -1.00000000
1058 186 -1.00000000
187 187 4.00000000
188 187 -1.00000000
502 187 -1.00000000
886 187 -1.00000000
1046 187 -1.00000000
186 188 -1.00000000
187 188 -1.00000000
188 188 4.00000000
570 188 -1.00000000
571 188 -1.00000000
189 189 4.00000000
191 189 -1.00000000
225 189 -1.00000000
1047 189 -1.00000000
1059 189 -1.00000000
190 190 4.00000000
191 190 -1.00000000
503 190 -1.00000000
887 190 -1.00000000
1047 190 -1.00000000
189 191 -1.00000000
190 191 -1.00000000
191 191 4.00000000
572 191 -1.00000000
573 191 -1.00000000
192 192 4.00000000
194 192 -1.00000000
237 192 -1.00000000
1048 192 -1.00000000
1064 192 -1.00000000
193 193 4.00000000
194 193 -1.00000000
504 193 -1.00000000
888 193 -1.00000000
1048 193 -1.00000000
192 194 -1.00000000
193 194 -1.00000000
194 194 4.00000000
584 194 -1.00000000
585 194 -1.00000000
195 195 4.00000000
197 195 -1.00000000
239 195 -1.00000000
1049 195 -1.00000000
1065 195 -1.00000000
196 196 4.00000000
197 196 -1.00000000
505 196 -1.00000000
889 196 -1.00000000
1049 196 -1.00000000
195 197 -1.00000000
196 197 -1.00000000
197 197 4.00000000
586 197 -1.00000000
587 197 -1.00000000
198 198 4.00000000
200 198 -1.00000000
241 198 -1.00000000
1050 198 -1.00000000
1066 198 -1.00000000
199 199 4.00000000
200 199 -1.00000000
506 199 -1.00000000
890 199 -1.00000000
1050 199 -1.00000000
198 200 -1.00000000
199 200 -1.00000000
200 200 4.00000000
588 200 -1.00000000
589 200 -1.00000000
201 201 4.00000000
203 201 -1.00000000
243 201 -1.00000000
1051 201 -1.00000000
1067 201 -1.00000000
202 202 4.00000000
203 202 -1.00000000
507 202 -1.00000000
891 202 -1.00000000
1051 202 -1.00000000
201 203 -1.00000000
202 203 -1.00000000
203 203 4.00000000
590 203 -1.00000000
591 203 -1.00000000
204 204 4.00000000
206 204 -1.00000000
245 204 -1.00000000
1052 204 -1.00000000
1068 204 -1.00000000
205 205 4.00000000
206 205 -1.00000000
508 205 -1.00000000
892 205 -1.00000000
1052 205 -1.00000000
204 206 -1.00000000
205 206 -1.00000000
206 206 4.00000000
592 206 -1.00000000
593 206 -1.00000000
207 207 4.00000000
209 207 -1.00000000
247 207 -1.00000000
1053 207 -1.00000000
1069 207 -1.00000000
208 208 4.00000000
209 208 -1.00000000
509 208 -1.00000000
893 208 -1.00000000
1053 208 -1.00000000
207 209 -1.00000000
208 209 -1.00000000
209 209 4.00000000
594 209 -1.00000000
595 209 -1.00000000
210 210 4.00000000
212 210 -1.00000000
249 210 -1.00000000
1054 210 -1.00000000
1070 210 -1.00000000
211 211 4.00000000
212 211 -1.00000000
510 211 -1.00000000
894 211 -1.00000000
1054 211 -1.00000000
210 212 -1.00000000
211 212 -1.00000000
212 212 4.00000000
596 212 -1.00000000
597 212 -1.00000000
213 213 4.00000000
215 213 -1.00000000
251 213 -1.00000000
1055 213 -1.00000000
1071 213 -1.00000000
214 214 4.00000000
215 214 -1.00000000
511 214 -1.00000000
895 214 -1.00000000
1055 214 -1.00000000
213 215 -1.00000000
214 215 -1.00000000
215 215 4.00000000
598 215 -1.00000000
599 215 -1.00000000
216 216 1.00000000
217 217 4.00000000
512 217 -1.00000000
896 217 -1.00000000
1056 217 -1.00000000
218 218 1.00000000
219 219 1.00000000
220 220 4.00000000
513 220 -1.00000000
897 220 -1.00000000
1057 220 -1.00000000
221 221 1.00000000
222 222 4.00000000
223 222 -1.00000000
514 222 -1.00000000
898 222 -1.00000000
1058 222 -1.00000000
186 223 -1.00000000
222 223 -1.00000000
223 223 4.00000000
544 223 -1.00000000
545 223 -1.00000000
224 224 4.00000000
225 224 -1.00000000
515 224 -1.00000000
899 224 -1.00000000
1059 224 -1.00000000
189 225 -1.00000000
224 225 -1.00000000
225 225 4.00000000
546 225 -1.00000000
547 225 -1.00000000
226 226 1.00000000
227 227 4.00000000
516 227 -1.00000000
900 227 -1.00000000
1060 227 -1.00000000
228 228 1.00000000
229 229 1.00000000
230 230 4.00000000
517 230 -1.00000000
901 230 -1.00000000
1061 230 -1.00000000
231 231 1.00000000
232 232 4.00000000
233 232 -1.00000000
518 232 -1.00000000
902 232 -1.00000000
1062 232 -1.00000000
174 233 -1.00000000
232 233 -1.00000000
233 233 4.00000000
534 233 -1.00000000
535 233 -1.00000000
234 234 4.00000000
235 234 -1.00000000
519 234 -1.00000000
903 234 -1.00000000
1063 234 -1.00000000
177 235 -1.00000000
234 235 -1.00000000
235 235 4.00000000
536 235 -1.00000000
537 235 -1.00000000
236 236 4.00000000
237 236 -1.00000000
520 236 -1.00000000
904 236 -1.00000000
1064 236 -1.00000000
192 237 -1.00000000
236 237 -1.00000000
237 237 4.00000000
548 237 -1.00000000
549 237 -1.00000000
238 238 4.00000000
239 238 -1.00000000
521 238 -1.00000000
905 238 -1.00000000
1065 238 -1.00000000
195 239 -1.00000000
238 239 -1.00000000
239 239 4.00000000
550 239 -1.00000000
551 239 -1.00000000
240 240 4.00000000
241 240 -1.00000000
522 240 -1.00000000
906 240 -1.00000000
1066 240 -1.00000000
198 241 -1.00000000
240 241 -1.00000000
241 241 4.00000000
552 241 -1.00000000
553 241 -1.00000000
242 242 4.00000000
243 242 -1.00000000
523 242 -1.00000000
907 242 -1.00000000
1067 242 -1.00000000
201 243 -1.00000000
242 243 -1.00000000
243 243 4.00000000
554 243 -1.00000000
555 243 -1.00000000
244 244 4.00000000
245 244 -1.00000000
524 244 -1.00000000
908 244 -1.00000000
1068 244 -1.00000000
204 245 -1.00000000
244 245 -1.00000000
245 245 4.00000000
556 245 -1.00000000
557 245 -1.00000000
246 246 4.00000000
247 246 -1.00000000
525 246 -1.00000000
909 246 -1.00000000
1069 246 -1.00000000
207 247 -1.00000000
246 247 -1.00000000
247 247 4.00000000
558 247 -1.00000000
559 247 -1.00000000
248 248 4.00000000
249 248 -1.00000000
526 248 -1.00000000
910 248 -1.00000000
1070 248 -1.00000000
210 249 -1.00000000
248 249 -1.00000000
249 249 4.00000000
560 249 -1.00000000
561 249 -1.00000000
250 250 4.00000000
251 250 -1.00000000
527 250 -1.00000000
911 250 -1.00000000
1071 250 -1.00000000
213 251 -1.00000000
250 251 -1.00000000
251 251 4.00000000
562 251 -1.00000000
563 251 -1.00000000
252 252 4.00000000
254 252 -1.00000000
321 252 -1.00000000
1008 252 -1.00000000
1032 252 -1.00000000
253 253 4.00000000
254 253 -1.00000000
433 253 -1.00000000
912 253 -1.00000000
1008 253 -1.00000000
252 254 -1.00000000
253 254 -1.00000000
254 254 4.00000000
600 254 -1.00000000
601 254 -1.00000000
255 255 4.00000000
257 255 -1.00000000
323 255 -1.00000000
1009 255 -1.00000000
1033 255 -1.00000000
256 256 4.00000000
257 256 -1.00000000
435 256 -1.00000000
913 256 -1.00000000
1009 256 -1.00000000
255 257 -1.00000000
256 257 -1.00000000
257 257 4.00000000
602 257 -1.00000000
603 257 -1.00000000
258 258 4.00000000
260 258 -1.00000000
325 258 -1.00000000
1010 258 -1.00000000
1034 258 -1.00000000
259 259 4.00000000
260 259 -1.00000000
437 259 -1.00000000
914 259 -1.00000000
1010 259 -1.00000000
258 260 -1.00000000
259 260 -1.00000000
260 260 4.00000000
604 260 -1.00000000
605 260 -1.00000000
261 261 4.00000000
263 261 -1.00000000
327 261 -1.00000000
1011 261 -1.00000000
1035 261 -1.00000000
262 262 4.00000000
263 262 -1.00000000
439 262 -1.00000000
915 262 -1.00000000
1011 262 -1.00000000
261 263 -1.00000000
262 263 -1.00000000
263 263 4.00000000
606 263 -1.00000000
607 263 -1.00000000
264 264 4.00000000
266 264 -1.00000000
329 264 -1.00000000
1012 264 -1.00000000
1036 264 -1.00000000
265 265 4.00000000
266 265 -1.00000000
441 265 -1.00000000
916 265 -1.00000000
1012 265 -1.00000000
264 266 -1.00000000
265 266 -1.00000000
266 266 4.00000000
608 266 -1.00000000
609 266 -1.00000000
267 267 4.00000000
269 267 -1.00000000
331 267 -1.00000000
1013 267 -1.00000000
1037 267 -1.00000000
268 268 4.00000000
269 268 -1.00000000
443 268 -1.00000000
917 268 -1.00000000
1013 268 -1.00000000
267 269 -1.00000000
268 269 -1.00000000
269 269 4.00000000
610 269 -1.00000000
611 269 -1.00000000
270 270 4.00000000
272 270 -1.00000000
333 270 -1.00000000
1014 270 -1.00000000
1038 270 -1.00000000
271 271 4.00000000
272 271 -1.00000000
445 271 -1.00000000
918 271 -1.00000000
1014 271 -1.00000000
270 272 -1.00000000
271 272 -1.00000000
272 272 4.00000000
612 272 -1.00000000
613 272 -1.00000000
273 273 4.00000000
275 273 -1.00000000
335 273 -1.00000000
1015 273 -1.00000000
1039 273 -1.00000000
274 274 4.00000000
275 274 -1.00000000
447 274 -1.00000000
919 274 -1.00000000
1015 274 -1.00000000
273 275 -1.00000000
274 275 -1.00000000
275 275 4.00000000
614 275 -1.00000000
615 275 -1.00000000
276 276 4.00000000
278 276 -1.00000000
317 276 -1.00000000
1016 276 -1.00000000
1030 276 -1.00000000
277 277 4.00000000
278 277 -1.00000000
449 277 -1.00000000
920 277 -1.00000000
1016 277 -1.00000000
276 278 -1.00000000
277 278 -1.00000000
278 278 4.00000000
616 278 -1.00000000
617 278 -1.00000000
279 279 4.00000000
281 279 -1.00000000
319 279 -1.00000000
1017 279 -1.00000000
1031 279 -1.00000000
280 280 4.00000000
281 280 -1.00000000
451 280 -1.00000000
921 280 -1.00000000
1017 280 -1.00000000
279 281 -1.00000000
280 281 -1.00000000
281 281 4.00000000
618 281 -1.00000000
619 281 -1.00000000
282 282 1.00000000
283 283 4.00000000
284 283 -1.00000000
453 283 -1.00000000
922 283 -1.00000000
283 284 -1.00000000
284 284 4.00000000
620 284 -1.00000000
621 284 -1.00000000
285 285 1.00000000
286 286 4.00000000
287 286 -1.00000000
455 286 -1.00000000
923 286 -1.00000000
286 287 -1.00000000
287 287 4.00000000
622 287 -1.00000000
623 287 -1.00000000
288 288 1.00000000
289 289 4.00000000
290 289 -1.00000000
457 289 -1.00000000
924 289 -1.00000000
289 290 -1.00000000
290 290 4.00000000
624 290 -1.00000000
625 290 -1.00000000
291 291 1.00000000
292 292 4.00000000
293 292 -1.00000000
459 292 -1.00000000
925 292 -1.00000000
292 293 -1.00000000
293 293 4.00000000
626 293 -1.00000000
627 293 -1.00000000
294 294 4.00000000
296 294 -1.00000000
301 294 -1.00000000
1022 294 -1.00000000
1024 294 -1.00000000
295 295 4.00000000
296 295 -1.00000000
461 295 -1.00000000
926 295 -1.00000000
1022 295 -1.00000000
294 296 -1.00000000
295 296 -1.00000000
296 296 4.00000000
628 296 -1.00000000
629 296 -1.00000000
297 297 4.00000000
299 297 -1.00000000
303 297 -1.00000000
1023 297 -1.00000000
1025 297 -1.00000000
298 298 4.00000000
299 298 -1.00000000
463 298 -1.00000000
927 298 -1.00000000
1023 298 -1.00000000
297 299 -1.00000000
298 299 -1.00000000
299 299 4.00000000
630 299 -1.00000000
631 299 -1.00000000
300 300 4.00000000
301 300 -1.00000000
465 300 -1.00000000
928 300 -1.00000000
1024 300 -1.00000000
294 301 -1.00000000
300 301 -1.00000000
301 301 4.00000000
632 301 -1.00000000
633 301 -1.00000000
302 302 4.00000000
303 302 -1.00000000
467 302 -1.00000000
929 302 -1.00000000
1025 302 -1.00000000
297 303 -1.00000000
302 303 -1.00000000
303 303 4.00000000
634 303 -1.00000000
635 303 -1.00000000
304 304 1.00000000
305 305 4.00000000
306 305 -1.00000000
469 305 -1.00000000
930 305 -1.00000000
305 306 -1.00000000
306 306 4.00000000
636 306 -1.00000000
637 306 -1.00000000
307 307 1.00000000
308 308 4.00000000
309 308 -1.00000000
471 308 -1.00000000
931 308 -1.00000000
308 309 -1.00000000
309 309 4.00000000
638 309 -1.00000000
639 309 -1.00000000
310 310 1.00000000
311 311 4.00000000
312 311 -1.00000000
473 311 -1.00000000
932 311 -1.00000000
311 312 -1.00000000
312 312 4.00000000
640 312 -1.00000000
641 312 -1.00000000
313 313 1.00000000
314 314 4.00000000
315 314 -1.00000000
475 314 -1.00000000
933 314 -1.00000000
314 315 -1.00000000
315 315 4.00000000
642 315 -1.00000000
643 315 -1.00000000
316 316 4.00000000
317 316 -1.00000000
477 316 -1.00000000
934 316 -1.00000000
1030 316 -1.00000000
276 317 -1.00000000
316 317 -1.00000000
317 317 4.00000000
644 317 -1.00000000
645 317 -1.00000000
318 318 4.00000000
319 318 -1.00000000
479 318 -1.00000000
935 318 -1.00000000
1031 318 -1.00000000
279 319 -1.00000000
318 319 -1.00000000
319 319 4.00000000
646 319 -1.00000000
647 319 -1.00000000
320 320 4.00000000
321 320 -1.00000000
481 320 -1.00000000
936 320 -1.00000000
1032 320 -1.00000000
252 321 -1.00000000
320 321 -1.00000000
321 321 4.00000000
648 321 -1.00000000
649 321 -1.00000000
322 322 4.00000000
323 322 -1.00000000
483 322 -1.00000000
937 322 -1.00000000
1033 322 -1.00000000
255 323 -1.00000000
322 323 -1.00000000
323 323 4.00000000
650 323 -1.00000000
651 323 -1.00000000
324 324 4.00000000
325 324 -1.00000000
485 324 -1.00000000
938 324 -1.00000000
1034 324 -1.00000000
258 325 -1.00000000
324 325 -1.00000000
325 325 4.00000000
652 325 -1.00000000
653 325 -1.00000000
326 326 4.00000000
327 326 -1.00000000
487 326 -1.00000000
939 326 -1.00000000
1035 326 -1.00000000
261 327 -1.00000000
326 327 -1.00000000
327 327 4.00000000
654 327 -1.00000000
655 327 -1.00000000
328 328 4.00000000
329 328 -1.00000000
489 328 -1.00000000
940 328 -1.00000000
1036 328 -1.00000000
264 329 -1.00000000
328 329 -1.00000000
329 329 4.00000000
656 329 -1.00000000
657 329 -1.00000000
330 330 4.00000000
331 330 -1.00000000
491 330 -1.00000000
941 330 -1.00000000
1037 330 -1.00000000
267 331 -1.00000000
330 331 -1.00000000
331 331 4.00000000
658 331 -1.00000000
659 331 -1.00000000
332 332 4.00000000
333 332 -1.00000000
493 332 -1.00000000
942 332 -1.00000000
1038 332 -1.00000000
270 333 -1.00000000
332 333 -1.00000000
333 333 4.00000000
660 333 -1.00000000
661 333 -1.00000000
334 334 4.00000000
335 334 -1.00000000
495 334 -1.00000000
943 334 -1.00000000
1039 334 -1.00000000
273 335 -1.00000000
334 335 -1.00000000
335 335 4.00000000
662 335 -1.00000000
663 335 -1.00000000
336 336 4.00000000
337 336 -1.00000000
411 336 -1.00000000
816 336 -1.00000000
859 336 -1.00000000
118 337 -1.00000000
336 337 -1.00000000
337 337 4.00000000
529 337 -1.00000000
744 337 -1.00000000
338 338 4.00000000
339 338 -1.00000000
410 338 -1.00000000
817 338 -1.00000000
858 338 -1.00000000
116 339 -1.00000000
338 339 -1.00000000
339 339 4.00000000
532 339 -1.00000000
745 339 -1.00000000
340 340 4.00000000
341 340 -1.00000000
409 340 -1.00000000
818 340 -1.00000000
857 340 -1.00000000
114 341 -1.00000000
340 341 -1.00000000
341 341 4.00000000
535 341 -1.00000000
746 341 -1.00000000
342 342 4.00000000
343 342 -1.00000000
408 342 -1.00000000
819 342 -1.00000000
856 342 -1.00000000
112 343 -1.00000000
342 343 -1.00000000
343 343 4.00000000
537 343 -1.00000000
747 343 -1.00000000
344 344 4.00000000
345 344 -1.00000000
414 344 -1.00000000
820 344 -1.00000000
862 344 -1.00000000
124 345 -1.00000000
344 345 -1.00000000
345 345 4.00000000
539 345 -1.00000000
748 345 -1.00000000
346 346 4.00000000
347 346 -1.00000000
415 346 -1.00000000
821 346 -1.00000000
863 346 -1.00000000
126 347 -1.00000000
346 347 -1.00000000
347 347 4.00000000
542 347 -1.00000000
749 347 -1.00000000
348 348 4.00000000
349 348 -1.00000000
412 348 -1.00000000
822 348 -1.00000000
860 348 -1.00000000
120 349 -1.00000000
348 349 -1.00000000
349 349 4.00000000
545 349 -1.00000000
750 349 -1.00000000
350 350 4.00000000
351 350 -1.00000000
413 350 -1.00000000
823 350 -1.00000000
861 350 -1.00000000
122 351 -1.00000000
350 351 -1.00000000
351 351 4.00000000
547 351 -1.00000000
751 351 -1.00000000
352 352 4.00000000
353 352 -1.00000000
403 352 -1.00000000
824 352 -1.00000000
851 352 -1.00000000
98 353 -1.00000000
352 353 -1.00000000
353 353 4.00000000
549 353 -1.00000000
752 353 -1.00000000
354 354 4.00000000
355 354 -1.00000000
402 354 -1.00000000
825 354 -1.00000000
850 354 -1.00000000
95 355 -1.00000000
354 355 -1.00000000
355 355 4.00000000
551 355 -1.00000000
753 355 -1.00000000
356 356 4.00000000
357 356 -1.00000000
401 356 -1.00000000
826 356 -1.00000000
849 356 -1.00000000
92 357 -1.00000000
356 357 -1.00000000
357 357 4.00000000
553 357 -1.00000000
754 357 -1.00000000
358 358 4.00000000
359 358 -1.00000000
400 358 -1.00000000
827 358 -1.00000000
848 358 -1.00000000
89 359 -1.00000000
358 359 -1.00000000
359 359 4.00000000
555 359 -1.00000000
755 359 -1.00000000
360 360 4.00000000
361 360 -1.00000000
406 360 -1.00000000
828 360 -1.00000000
854 360 -1.00000000
107 361 -1.00000000
360 361 -1.00000000
361 361 4.00000000
557 361 -1.00000000
756 361 -1.00000000
362 362 4.00000000
363 362 -1.00000000
407 362 -1.00000000
829 362 -1.00000000
855 362 -1.00000000
110 363 -1.00000000
362 363 -1.00000000
363 363 4.00000000
559 363 -1.00000000
757 363 -1.00000000
364 364 4.00000000
365 364 -1.00000000
404 364 -1.00000000
830 364 -1.00000000
852 364 -1.00000000
101 365 -1.00000000
364 365 -1.00000000
365 365 4.00000000
561 365 -1.00000000
758 365 -1.00000000
366 366 4.00000000
367 366 -1.00000000
405 366 -1.00000000
831 366 -1.00000000
853 366 -1.00000000
104 367 -1.00000000
366 367 -1.00000000
367 367 4.00000000
563 367 -1.00000000
759 367 -1.00000000
368 368 4.00000000
369 368 -1.00000000
424 368 -1.00000000
832 368 -1.00000000
872 368 -1.00000000
152 369 -1.00000000
368 369 -1.00000000
369 369 4.00000000
565 369 -1.00000000
760 369 -1.00000000
370 370 4.00000000
371 370 -1.00000000
425 370 -1.00000000
833 370 -1.00000000
873 370 -1.00000000
154 371 -1.00000000
370 371 -1.00000000
371 371 4.00000000
568 371 -1.00000000
761 371 -1.00000000
372 372 4.00000000
373 372 -1.00000000
426 372 -1.00000000
834 372 -1.00000000
874 372 -1.00000000
156 373 -1.00000000
372 373 -1.00000000
373 373 4.00000000
571 373 -1.00000000
762 373 -1.00000000
374 374 4.00000000
375 374 -1.00000000
427 374 -1.00000000
835 374 -1.00000000
875 374 -1.00000000
158 375 -1.00000000
374 375 -1.00000000
375 375 4.00000000
573 375 -1.00000000
763 375 -1.00000000
376 376 4.00000000
377 376 -1.00000000
428 376 -1.00000000
836 376 -1.00000000
876 376 -1.00000000
160 377 -1.00000000
376 377 -1.00000000
377 377 4.00000000
575 377 -1.00000000
764 377 -1.00000000
378 378 4.00000000
379 378 -1.00000000
429 378 -1.00000000
837 378 -1.00000000
877 378 -1.00000000
162 379 -1.00000000
378 379 -1.00000000
379 379 4.00000000
578 379 -1.00000000
765 379 -1.00000000
380 380 4.00000000
381 380 -1.00000000
430 380 -1.00000000
838 380 -1.00000000
878 380 -1.00000000
164 381 -1.00000000
380 381 -1.00000000
381 381 4.00000000
581 381 -1.00000000
766 381 -1.00000000
382 382 4.00000000
383 382 -1.00000000
431 382 -1.00000000
839 382 -1.00000000
879 382 -1.00000000
166 383 -1.00000000
382 383 -1.00000000
383 383 4.00000000
583 383 -1.00000000
767 383 -1.00000000
384 384 4.00000000
385 384 -1.00000000
416 384 -1.00000000
840 384 -1.00000000
864 384 -1.00000000
129 385 -1.00000000
384 385 -1.00000000
385 385 4.00000000
585 385 -1.00000000
768 385 -1.00000000
386 386 4.00000000
387 386 -1.00000000
417 386 -1.00000000
841 386 -1.00000000
865 386 -1.00000000
132 387 -1.00000000
386 387 -1.00000000
387 387 4.00000000
587 387 -1.00000000
769 387 -1.00000000
388 388 4.00000000
389 388 -1.00000000
418 388 -1.00000000
842 388 -1.00000000
866 388 -1.00000000
135 389 -1.00000000
388 389 -1.00000000
389 389 4.00000000
589 389 -1.00000000
770 389 -1.00000000
390 390 4.00000000
391 390 -1.00000000
419 390 -1.00000000
843 390 -1.00000000
867 390 -1.00000000
138 391 -1.00000000
390 391 -1.00000000
391 391 4.00000000
591 391 -1.00000000
771 391 -1.00000000
392 392 4.00000000
393 392 -1.00000000
420 392 -1.00000000
844 392 -1.00000000
868 392 -1.00000000
141 393 -1.00000000
392 393 -1.00000000
393 393 4.00000000
593 393 -1.00000000
772 393 -1.00000000
394 394 4.00000000
395 394 -1.00000000
421 394 -1.00000000
845 394 -1.00000000
869 394 -1.00000000
144 395 -1.00000000
394 395 -1.00000000
395 395 4.00000000
595 395 -1.00000000
773 395 -1.00000000
396 396 4.00000000
397 396 -1.00000000
422 396 -1.00000000
846 396 -1.00000000
870 396 -1.00000000
147 397 -1.00000000
396 397 -1.00000000
397 397 4.00000000
597 397 -1.00000000
774 397 -1.00000000
398 398 4.00000000
399 398 -1.00000000
423 398 -1.00000000
847 398 -1.00000000
871 398 -1.00000000
150 399 -1.00000000
398 399 -1.00000000
399 399 4.00000000
599 399 -1.00000000
775 399 -1.00000000
32 400 -1.00000000
358 400 -1.00000000
400 400 4.00000000
601 400 -1.00000000
776 400 -1.00000000
30 401 -1.00000000
356 401 -1.00000000
401 401 4.00000000
603 401 -1.00000000
777 401 -1.00000000
28 402 -1.00000000
354 402 -1.00000000
402 402 4.00000000
605 402 -1.00000000
778 402 -1.00000000
25 403 -1.00000000
352 403 -1.00000000
403 403 4.00000000
607 403 -1.00000000
779 403 -1.00000000
40 404 -1.00000000
364 404 -1.00000000
404 404 4.00000000
609 404 -1.00000000
780 404 -1.00000000
42 405 -1.00000000
366 405 -1.00000000
405 405 4.00000000
611 405 -1.00000000
781 405 -1.00000000
35 406 -1.00000000
360 406 -1.00000000
406 406 4.00000000
613 406 -1.00000000
782 406 -1.00000000
38 407 -1.00000000
362 407 -1.00000000
407 407 4.00000000
615 407 -1.00000000
783 407 -1.00000000
10 408 -1.00000000
342 408 -1.00000000
408 408 4.00000000
617 408 -1.00000000
784 408 -1.00000000
8 409 -1.00000000
340 409 -1.00000000
409 409 4.00000000
619 409 -1.00000000
785 409 -1.00000000
5 410 -1.00000000
338 410 -1.00000000
410 410 4.00000000
621 410 -1.00000000
2 411 -1.00000000
336 411 -1.00000000
411 411 4.00000000
623 411 -1.00000000
19 412 -1.00000000
348 412 -1.00000000
412 412 4.00000000
625 412 -1.00000000
22 413 -1.00000000
350 413 -1.00000000
413 413 4.00000000
627 413 -1.00000000
13 414 -1.00000000
344 414 -1.00000000
414 414 4.00000000
629 414 -1.00000000
790 414 -1.00000000
16 415 -1.00000000
346 415 -1.00000000
415 415 4.00000000
631 415 -1.00000000
791 415 -1.00000000
67 416 -1.00000000
384 416 -1.00000000
416 416 4.00000000
633 416 -1.00000000
792 416 -1.00000000
70 417 -1.00000000
386 417 -1.00000000
417 417 4.00000000
635 417 -1.00000000
793 417 -1.00000000
73 418 -1.00000000
388 418 -1.00000000
418 418 4.00000000
637 418 -1.00000000
76 419 -1.00000000
390 419 -1.00000000
419 419 4.00000000
639 419 -1.00000000
79 420 -1.00000000
392 420 -1.00000000
420 420 4.00000000
641 420 -1.00000000
82 421 -1.00000000
394 421 -1.00000000
421 421 4.00000000
643 421 -1.00000000
84 422 -1.00000000
396 422 -1.00000000
422 422 4.00000000
645 422 -1.00000000
798 422 -1.00000000
86 423 -1.00000000
398 423 -1.00000000
423 423 4.00000000
647 423 -1.00000000
799 423 -1.00000000
45 424 -1.00000000
368 424 -1.00000000
424 424 4.00000000
649 424 -1.00000000
800 424 -1.00000000
48 425 -1.00000000
370 425 -1.00000000
425 425 4.00000000
651 425 -1.00000000
801 425 -1.00000000
51 426 -1.00000000
372 426 -1.00000000
426 426 4.00000000
653 426 -1.00000000
802 426 -1.00000000
54 427 -1.00000000
374 427 -1.00000000
427 427 4.00000000
655 427 -1.00000000
803 427 -1.00000000
57 428 -1.00000000
376 428 -1.00000000
428 428 4.00000000
657 428 -1.00000000
804 428 -1.00000000
60 429 -1.00000000
378 429 -1.00000000
429 429 4.00000000
659 429 -1.00000000
805 429 -1.00000000
62 430 -1.00000000
380 430 -1.00000000
430 430 4.00000000
661 430 -1.00000000
806 430 -1.00000000
64 431 -1.00000000
382 431 -1.00000000
431 431 4.00000000
663 431 -1.00000000
807 431 -1.00000000
432 432 4.00000000
433 432 -1.00000000
496 432 -1.00000000
880 432 -1.00000000
912 432 -1.00000000
253 433 -1.00000000
432 433 -1.00000000
433 433 4.00000000
665 433 -1.00000000
800 433 -1.00000000
434 434 4.00000000
435 434 -1.00000000
497 434 -1.00000000
881 434 -1.00000000
913 434 -1.00000000
256 435 -1.00000000
434 435 -1.00000000
435 435 4.00000000
668 435 -1.00000000
801 435 -1.00000000
436 436 4.00000000
437 436 -1.00000000
498 436 -1.00000000
882 436 -1.00000000
914 436 -1.00000000
259 437 -1.00000000
436 437 -1.00000000
437 437 4.00000000
670 437 -1.00000000
802 437 -1.00000000
438 438 4.00000000
439 438 -1.00000000
499 438 -1.00000000
883 438 -1.00000000
915 438 -1.00000000
262 439 -1.00000000
438 439 -1.00000000
439 439 4.00000000
671 439 -1.00000000
803 439 -1.00000000
440 440 4.00000000
441 440 -1.00000000
500 440 -1.00000000
884 440 -1.00000000
916 440 -1.00000000
265 441 -1.00000000
440 441 -1.00000000
441 441 4.00000000
673 441 -1.00000000
804 441 -1.00000000
442 442 4.00000000
443 442 -1.00000000
501 442 -1.00000000
885 442 -1.00000000
917 442 -1.00000000
268 443 -1.00000000
442 443 -1.00000000
443 443 4.00000000
676 443 -1.00000000
805 443 -1.00000000
444 444 4.00000000
445 444 -1.00000000
502 444 -1.00000000
886 444 -1.00000000
918 444 -1.00000000
271 445 -1.00000000
444 445 -1.00000000
445 445 4.00000000
678 445 -1.00000000
806 445 -1.00000000
446 446 4.00000000
447 446 -1.00000000
503 446 -1.00000000
887 446 -1.00000000
919 446 -1.00000000
274 447 -1.00000000
446 447 -1.00000000
447 447 4.00000000
679 447 -1.00000000
807 447 -1.00000000
448 448 4.00000000
449 448 -1.00000000
504 448 -1.00000000
888 448 -1.00000000
920 448 -1.00000000
277 449 -1.00000000
448 449 -1.00000000
449 449 4.00000000
680 449 -1.00000000
798 449 -1.00000000
450 450 4.00000000
451 450 -1.00000000
505 450 -1.00000000
889 450 -1.00000000
921 450 -1.00000000
280 451 -1.00000000
450 451 -1.00000000
451 451 4.00000000
681 451 -1.00000000
799 451 -1.00000000
452 452 4.00000000
453 452 -1.00000000
506 452 -1.00000000
890 452 -1.00000000
922 452 -1.00000000
283 453 -1.00000000
452 453 -1.00000000
453 453 4.00000000
682 453 -1.00000000
454 454 4.00000000
455 454 -1.00000000
507 454 -1.00000000
891 454 -1.00000000
923 454 -1.00000000
286 455 -1.00000000
454 455 -1.00000000
455 455 4.00000000
683 455 -1.00000000
456 456 4.00000000
457 456 -1.00000000
508 456 -1.00000000
892 456 -1.00000000
924 456 -1.00000000
289 457 -1.00000000
456 457 -1.00000000
457 457 4.00000000
684 457 -1.00000000
458 458 4.00000000
459 458 -1.00000000
509 458 -1.00000000
893 458 -1.00000000
925 458 -1.00000000
292 459 -1.00000000
458 459 -1.00000000
459 459 4.00000000
685 459 -1.00000000
460 460 4.00000000
461 460 -1.00000000
510 460 -1.00000000
894 460 -1.00000000
926 460 -1.00000000
295 461 -1.00000000
460 461 -1.00000000
461 461 4.00000000
686 461 -1.00000000
792 461 -1.00000000
462 462 4.00000000
463 462 -1.00000000
511 462 -1.00000000
895 462 -1.00000000
927 462 -1.00000000
298 463 -1.00000000
462 463 -1.00000000
463 463 4.00000000
687 463 -1.00000000
793 463 -1.00000000
464 464 4.00000000
465 464 -1.00000000
512 464 -1.00000000
896 464 -1.00000000
928 464 -1.00000000
300 465 -1.00000000
464 465 -1.00000000
465 465 4.00000000
689 465 -1.00000000
790 465 -1.00000000
466 466 4.00000000
467 466 -1.00000000
513 466 -1.00000000
897 466 -1.00000000
929 466 -1.00000000
302 467 -1.00000000
466 467 -1.00000000
467 467 4.00000000
692 467 -1.00000000
791 467 -1.00000000
468 468 4.00000000
469 468 -1.00000000
514 468 -1.00000000
898 468 -1.00000000
930 468 -1.00000000
305 469 -1.00000000
468 469 -1.00000000
469 469 4.00000000
694 469 -1.00000000
470 470 4.00000000
471 470 -1.00000000
515 470 -1.00000000
899 470 -1.00000000
931 470 -1.00000000
308 471 -1.00000000
470 471 -1.00000000
471 471 4.00000000
695 471 -1.00000000
472 472 4.00000000
473 472 -1.00000000
516 472 -1.00000000
900 472 -1.00000000
932 472 -1.00000000
311 473 -1.00000000
472 473 -1.00000000
473 473 4.00000000
697 473 -1.00000000
474 474 4.00000000
475 474 -1.00000000
517 474 -1.00000000
901 474 -1.00000000
933 474 -1.00000000
314 475 -1.00000000
474 475 -1.00000000
475 475 4.00000000
700 475 -1.00000000
476 476 4.00000000
477 476 -1.00000000
518 476 -1.00000000
902 476 -1.00000000
934 476 -1.00000000
316 477 -1.00000000
476 477 -1.00000000
477 477 4.00000000
702 477 -1.00000000
784 477 -1.00000000
478 478 4.00000000
479 478 -1.00000000
519 478 -1.00000000
903 478 -1.00000000
935 478 -1.00000000
318 479 -1.00000000
478 479 -1.00000000
479 479 4.00000000
703 479 -1.00000000
785 479 -1.00000000
480 480 4.00000000
481 480 -1.00000000
520 480 -1.00000000
904 480 -1.00000000
936 480 -1.00000000
320 481 -1.00000000
480 481 -1.00000000
481 481 4.00000000
704 481 -1.00000000
776 481 -1.00000000
482 482 4.00000000
483 482 -1.00000000
521 482 -1.00000000
905 482 -1.00000000
937 482 -1.00000000
322 483 -1.00000000
482 483 -1.00000000
483 483 4.00000000
705 483 -1.00000000
777 483 -1.00000000
484 484 4.00000000
485 484 -1.00000000
522 484 -1.00000000
906 484 -1.00000000
938 484 -1.00000000
324 485 -1.00000000
484 485 -1.00000000
485 485 4.00000000
706 485 -1.00000000
778 485 -1.00000000
486 486 4.00000000
487 486 -1.00000000
523 486 -1.00000000
907 486 -1.00000000
939 486 -1.00000000
326 487 -1.00000000
486 487 -1.00000000
487 487 4.00000000
707 487 -1.00000000
779 487 -1.00000000
488 488 4.00000000
489 488 -1.00000000
524 488 -1.00000000
908 488 -1.00000000
940 488 -1.00000000
328 489 -1.00000000
488 489 -1.00000000
489 489 4.00000000
708 489 -1.00000000
780 489 -1.00000000
490 490 4.00000000
491 490 -1.00000000
525 490 -1.00000000
909 490 -1.00000000
941 490 -1.00000000
330 491 -1.00000000
490 491 -1.00000000
491 491 4.00000000
709 491 -1.00000000
781 491 -1.00000000
492 492 4.00000000
493 492 -1.00000000
526 492 -1.00000000
910 492 -1.00000000
942 492 -1.00000000
332 493 -1.00000000
492 493 -1.00000000
493 493 4.00000000
710 493 -1.00000000
782 493 -1.00000000
494 494 4.00000000
495 494 -1.00000000
527 494 -1.00000000
911 494 -1.00000000
943 494 -1.00000000
334 495 -1.00000000
494 495 -1.00000000
495 495 4.00000000
711 495 -1.00000000
783 495 -1.00000000
169 496 -1.00000000
432 496 -1.00000000
496 496 4.00000000
712 496 -1.00000000
744 496 -1.00000000
172 497 -1.00000000
434 497 -1.00000000
497 497 4.00000000
713 497 -1.00000000
745 497 -1.00000000
175 498 -1.00000000
436 498 -1.00000000
498 498 4.00000000
714 498 -1.00000000
746 498 -1.00000000
178 499 -1.00000000
438 499 -1.00000000
499 499 4.00000000
715 499 -1.00000000
747 499 -1.00000000
181 500 -1.00000000
440 500 -1.00000000
500 500 4.00000000
716 500 -1.00000000
748 500 -1.00000000
184 501 -1.00000000
442 501 -1.00000000
501 501 4.00000000
717 501 -1.00000000
749 501 -1.00000000
187 502 -1.00000000
444 502 -1.00000000
502 502 4.00000000
718 502 -1.00000000
750 502 -1.00000000
190 503 -1.00000000
446 503 -1.00000000
503 503 4.00000000
719 503 -1.00000000
751 503 -1.00000000
193 504 -1.00000000
448 504 -1.00000000
504 504 4.00000000
720 504 -1.00000000
752 504 -1.00000000
196 505 -1.00000000
450 505 -1.00000000
505 505 4.00000000
721 505 -1.00000000
753 505 -1.00000000
199 506 -1.00000000
452 506 -1.00000000
506 506 4.00000000
722 506 -1.00000000
754 506 -1.00000000
202 507 -1.00000000
454 507 -1.00000000
507 507 4.00000000
723 507 -1.00000000
755 507 -1.00000000
205 508 -1.00000000
456 508 -1.00000000
508 508 4.00000000
724 508 -1.00000000
756 508 -1.00000000
208 509 -1.00000000
458 509 -1.00000000
509 509 4.00000000
725 509 -1.00000000
757 509 -1.00000000
211 510 -1.00000000
460 510 -1.00000000
510 510 4.00000000
726 510 -1.00000000
758 510 -1.00000000
214 511 -1.00000000
462 511 -1.00000000
511 511 4.00000000
727 511 -1.00000000
759 511 -1.00000000
217 512 -1.00000000
464 512 -1.00000000
512 512 4.00000000
728 512 -1.00000000
760 512 -1.00000000
220 513 -1.00000000
466 513 -1.00000000
513 513 4.00000000
729 513 -1.00000000
761 513 -1.00000000
222 514 -1.00000000
468 514 -1.00000000
514 514 4.00000000
730 514 -1.00000000
762 514 -1.00000000
224 515 -1.00000000
470 515 -1.00000000
515 515 4.00000000
731 515 -1.00000000
763 515 -1.00000000
227 516 -1.00000000
472 516 -1.00000000
516 516 4.00000000
732 516 -1.00000000
764 516 -1.00000000
230 517 -1.00000000
474 517 -1.00000000
517 517 4.00000000
733 517 -1.00000000
765 517 -1.00000000
232 518 -1.00000000
476 518 -1.00000000
518 518 4.00000000
734 518 -1.00000000
766 518 -1.00000000
234 519 -1.00000000
478 519 -1.00000000
519 519 4.00000000
735 519 -1.00000000
767 519 -1.00000000
236 520 -1.00000000
480 520 -1.00000000
520 520 4.00000000
736 520 -1.00000000
768 520 -1.00000000
238 521 -1.00000000
482 521 -1.00000000
521 521 4.00000000
737 521 -1.00000000
769 521 -1.00000000
240 522 -1.00000000
484 522 -1.00000000
522 522 4.00000000
738 522 -1.00000000
770 522 -1.00000000
242 523 -1.00000000
486 523 -1.00000000
523 523 4.00000000
739 523 -1.00000000
771 523 -1.00000000
244 524 -1.00000000
488 524 -1.00000000
524 524 4.00000000
740 524 -1.00000000
772 524 -1.00000000
246 525 -1.00000000
490 525 -1.00000000
525 525 4.00000000
741 525 -1.00000000
773 525 -1.00000000
248 526 -1.00000000
492 526 -1.00000000
526 526 4.00000000
742 526 -1.00000000
774 526 -1.00000000
250 527 -1.00000000
494 527 -1.00000000
527 527 4.00000000
743 527 -1.00000000
775 527 -1.00000000
528 528 1.00000000
337 529 -1.00000000
529 529 4.00000000
816 529 -1.00000000
1040 529 -1.00000000
530 530 1.00000000
531 531 1.00000000
339 532 -1.00000000
532 532 4.00000000
817 532 -1.00000000
1041 532 -1.00000000
533 533 1.00000000
9 534 -1.00000000
233 534 -1.00000000
534 534 4.00000000
818 534 -1.00000000
902 534 -1.00000000
233 535 -1.00000000
341 535 -1.00000000
535 535 4.00000000
818 535 -1.00000000
1042 535 -1.00000000
11 536 -1.00000000
235 536 -1.00000000
536 536 4.00000000
819 536 -1.00000000
903 536 -1.00000000
235 537 -1.00000000
343 537 -1.00000000
537 537 4.00000000
819 537 -1.00000000
1043 537 -1.00000000
538 538 1.00000000
345 539 -1.00000000
539 539 4.00000000
820 539 -1.00000000
1044 539 -1.00000000
540 540 1.00000000
541 541 1.00000000
347 542 -1.00000000
542 542 4.00000000
821 542 -1.00000000
1045 542 -1.00000000
543 543 1.00000000
20 544 -1.00000000
223 544 -1.00000000
544 544 4.00000000
822 544 -1.00000000
898 544 -1.00000000
223 545 -1.00000000
349 545 -1.00000000
545 545 4.00000000
822 545 -1.00000000
1046 545 -1.00000000
23 546 -1.00000000
225 546 -1.00000000
546 546 4.00000000
823 546 -1.00000000
899 546 -1.00000000
225 547 -1.00000000
351 547 -1.00000000
547 547 4.00000000
823 547 -1.00000000
1047 547 -1.00000000
26 548 -1.00000000
237 548 -1.00000000
548 548 4.00000000
824 548 -1.00000000
904 548 -1.00000000
237 549 -1.00000000
353 549 -1.00000000
549 549 4.00000000
824 549 -1.00000000
1048 549 -1.00000000
29 550 -1.00000000
239 550 -1.00000000
550 550 4.00000000
825 550 -1.00000000
905 550 -1.00000000
239 551 -1.00000000
355 551 -1.00000000
551 551 4.00000000
825 551 -1.00000000
1049 551 -1.00000000
31 552 -1.00000000
241 552 -1.00000000
552 552 4.00000000
826 552 -1.00000000
906 552 -1.00000000
241 553 -1.00000000
357 553 -1.00000000
553 553 4.00000000
826 553 -1.00000000
1050 553 -1.00000000
33 554 -1.00000000
243 554 -1.00000000
554 554 4.00000000
827 554 -1.00000000
907 554 -1.00000000
243 555 -1.00000000
359 555 -1.00000000
555 555 4.00000000
827 555 -1.00000000
1051 555 -1.00000000
36 556 -1.00000000
245 556 -1.00000000
556 556 4.00000000
828 556 -1.00000000
908 556 -1.00000000
245 557 -1.00000000
361 557 -1.00000000
557 557 4.00000000
828 557 -1.00000000
1052 557 -1.00000000
39 558 -1.00000000
247 558 -1.00000000
558 558 4.00000000
829 558 -1.00000000
909 558 -1.00000000
247 559 -1.00000000
363 559 -1.00000000
559 559 4.00000000
829 559 -1.00000000
1053 559 -1.00000000
41 560 -1.00000000
249 560 -1.00000000
560 560 4.00000000
830 560 -1.00000000
910 560 -1.00000000
249 561 -1.00000000
365 561 -1.00000000
561 561 4.00000000
830 561 -1.00000000
1054 561 -1.00000000
43 562 -1.00000000
251 562 -1.00000000
562 562 4.00000000
831 562 -1.00000000
911 562 -1.00000000
251 563 -1.00000000
367 563 -1.00000000
563 563 4.00000000
831 563 -1.00000000
1055 563 -1.00000000
564 564 1.00000000
369 565 -1.00000000
565 565 4.00000000
832 565 -1.00000000
1056 565 -1.00000000
566 566 1.00000000
567 567 1.00000000
371 568 -1.00000000
568 568 4.00000000
833 568 -1.00000000
1057 568 -1.00000000
569 569 1.00000000
52 570 -1.00000000
188 570 -1.00000000
570 570 4.00000000
834 570 -1.00000000
886 570 -1.00000000
188 571 -1.00000000
373 571 -1.00000000
571 571 4.00000000
834 571 -1.00000000
1058 571 -1.00000000
55 572 -1.00000000
191 572 -1.00000000
572 572 4.00000000
835 572 -1.00000000
887 572 -1.00000000
191 573 -1.00000000
375 573 -1.00000000
573 573 4.00000000
835 573 -1.00000000
1059 573 -1.00000000
574 574 1.00000000
377 575 -1.00000000
575 575 4.00000000
836 575 -1.00000000
1060 575 -1.00000000
576 576 1.00000000
577 577 1.00000000
379 578 -1.00000000
578 578 4.00000000
837 578 -1.00000000
1061 578 -1.00000000
579 579 1.00000000
63 580 -1.00000000
176 580 -1.00000000
580 580 4.00000000
838 580 -1.00000000
882 580 -1.00000000
176 581 -1.00000000
381 581 -1.00000000
581 581 4.00000000
838 581 -1.00000000
1062 581 -1.00000000
65 582 -1.00000000
179 582 -1.00000000
582 582 4.00000000
839 582 -1.00000000
883 582 -1.00000000
179 583 -1.00000000
383 583 -1.00000000
583 583 4.00000000
839 583 -1.00000000
1063 583 -1.00000000
68 584 -1.00000000
194 584 -1.00000000
584 584 4.00000000
840 584 -1.00000000
888 584 -1.00000000
194 585 -1.00000000
385 585 -1.00000000
585 585 4.00000000
840 585 -1.00000000
1064 585 -1.00000000
71 586 -1.00000000
197 586 -1.00000000
586 586 4.00000000
841 586 -1.00000000
889 586 -1.00000000
197 587 -1.00000000
387 587 -1.00000000
587 587 4.00000000
841 587 -1.00000000
1065 587 -1.00000000
74 588 -1.00000000
200 588 -1.00000000
588 588 4.00000000
842 588 -1.00000000
890 588 -1.00000000
200 589 -1.00000000
389 589 -1.00000000
589 589 4.00000000
842 589 -1.00000000
1066 589 -1.00000000
77 590 -1.00000000
203 590 -1.00000000
590 590 4.00000000
843 590 -1.00000000
891 590 -1.00000000
203 591 -1.00000000
391 591 -1.00000000
591 591 4.00000000
843 591 -1.00000000
1067 591 -1.00000000
80 592 -1.00000000
206 592 -1.00000000
592 592 4.00000000
844 592 -1.00000000
892 592 -1.00000000
206 593 -1.00000000
393 593 -1.00000000
593 593 4.00000000
844 593 -1.00000000
1068 593 -1.00000000
83 594 -1.00000000
209 594 -1.00000000
594 594 4.00000000
845 594 -1.00000000
893 594 -1.00000000
209 595 -1.00000000
395 595 -1.00000000
595 595 4.00000000
845 595 -1.00000000
1069 595 -1.00000000
85 596 -1.00000000
212 596 -1.00000000
596 596 4.00000000
846 596 -1.00000000
894 596 -1.00000000
212 597 -1.00000000
397 597 -1.00000000
597 597 4.00000000
846 597 -1.00000000
1070 597 -1.00000000
87 598 -1.00000000
215 598 -1.00000000
598 598 4.00000000
847 598 -1.00000000
895 598 -1.00000000
215 599 -1.00000000
399 599 -1.00000000
599 599 4.00000000
847 599 -1.00000000
1071 599 -1.00000000
90 600 -1.00000000
254 600 -1.00000000
600 600 4.00000000
848 600 -1.00000000
912 600 -1.00000000
254 601 -1.00000000
400 601 -1.00000000
601 601 4.00000000
848 601 -1.00000000
1032 601 -1.00000000
93 602 -1.00000000
257 602 -1.00000000
602 602 4.00000000
849 602 -1.00000000
913 602 -1.00000000
257 603 -1.00000000
401 603 -1.00000000
603 603 4.00000000
849 603 -1.00000000
1033 603 -1.00000000
96 604 -1.00000000
260 604 -1.00000000
604 604 4.00000000
850 604 -1.00000000
914 604 -1.00000000
260 605 -1.00000000
402 605 -1.00000000
605 605 4.00000000
850 605 -1.00000000
1034 605 -1.00000000
99 606 -1.00000000
263 606 -1.00000000
606 606 4.00000000
851 606 -1.00000000
915 606 -1.00000000
263 607 -1.00000000
403 607 -1.00000000
607 607 4.00000000
851 607 -1.00000000
1035 607 -1.00000000
102 608 -1.00000000
266 608 -1.00000000
608 608 4.00000000
852 608 -1.00000000
916 608 -1.00000000
266 609 -1.00000000
404 609 -1.00000000
609 609 4.00000000
852 609 -1.00000000
1036 609 -1.00000000
105 610 -1.00000000
269 610 -1.00000000
610 610 4.00000000
853 610 -1.00000000
917 610 -1.00000000
269 611 -1.00000000
405 611 -1.00000000
611 611 4.00000000
853 611 -1.00000000
1037 611 -1.00000000
108 612 -1.00000000
272 612 -1.00000000
612 612 4.00000000
854 612 -1.00000000
918 612 -1.00000000
272 613 -1.00000000
406 613 -1.00000000
613 613 4.00000000
854 613 -1.00000000
1038 613 -1.00000000
111 614 -1.00000000
275 614 -1.00000000
614 614 4.00000000
855 614 -1.00000000
919 614 -1.00000000
275 615 -1.00000000
407 615 -1.00000000
615 615 4.00000000
855 615 -1.00000000
1039 615 -1.00000000
113 616 -1.00000000
278 616 -1.00000000
616 616 4.00000000
856 616 -1.00000000
920 616 -1.00000000
278 617 -1.00000000
408 617 -1.00000000
617 617 4.00000000
856 617 -1.00000000
1030 617 -1.00000000
115 618 -1.00000000
281 618 -1.00000000
618 618 4.00000000
857 618 -1.00000000
921 618 -1.00000000
281 619 -1.00000000
409 619 -1.00000000
619 619 4.00000000
857 619 -1.00000000
1031 619 -1.00000000
117 620 -1.00000000
284 620 -1.00000000
620 620 4.00000000
858 620 -1.00000000
922 620 -1.00000000
284 621 -1.00000000
410 621 -1.00000000
621 621 4.00000000
858 621 -1.00000000
119 622 -1.00000000
287 622 -1.00000000
622 622 4.00000000
859 622 -1.00000000
923 622 -1.00000000
287 623 -1.00000000
411 623 -1.00000000
623 623 4.00000000
859 623 -1.00000000
121 624 -1.00000000
290 624 -1.00000000
624 624 4.00000000
860 624 -1.00000000
924 624 -1.00000000
290 625 -1.00000000
412 625 -1.00000000
625 625 4.00000000
860 625 -1.00000000
123 626 -1.00000000
293 626 -1.00000000
626 626 4.00000000
861 626 -1.00000000
925 626 -1.00000000
293 627 -1.00000000
413 627 -1.00000000
627 627 4.00000000
861 627 -1.00000000
125 628 -1.00000000
296 628 -1.00000000
628 628 4.00000000
862 628 -1.00000000
926 628 -1.00000000
296 629 -1.00000000
414 629 -1.00000000
629 629 4.00000000
862 629 -1.00000000
1024 629 -1.00000000
127 630 -1.00000000
299 630 -1.00000000
630 630 4.00000000
863 630 -1.00000000
927 630 -1.00000000
299 631 -1.00000000
415 631 -1.00000000
631 631 4.00000000
863 631 -1.00000000
1025 631 -1.00000000
130 632 -1.00000000
301 632 -1.00000000
632 632 4.00000000
864 632 -1.00000000
928 632 -1.00000000
301 633 -1.00000000
416 633 -1.00000000
633 633 4.00000000
864 633 -1.00000000
1022 633 -1.00000000
133 634 -1.00000000
303 634 -1.00000000
634 634 4.00000000
865 634 -1.00000000
929 634 -1.00000000
303 635 -1.00000000
417 635 -1.00000000
635 635 4.00000000
865 635 -1.00000000
1023 635 -1.00000000
136 636 -1.00000000
306 636 -1.00000000
636 636 4.00000000
866 636 -1.00000000
930 636 -1.00000000
306 637 -1.00000000
418 637 -1.00000000
637 637 4.00000000
866 637 -1.00000000
139 638 -1.00000000
309 638 -1.00000000
638 638 4.00000000
867 638 -1.00000000
931 638 -1.00000000
309 639 -1.00000000
419 639 -1.00000000
639 639 4.00000000
867 639 -1.00000000
142 640 -1.00000000
312 640 -1.00000000
640 640 4.00000000
868 640 -1.00000000
932 640 -1.00000000
312 641 -1.00000000
420 641 -1.00000000
641 641 4.00000000
868 641 -1.00000000
145 642 -1.00000000
315 642 -1.00000000
642 642 4.00000000
869 642 -1.00000000
933 642 -1.00000000
315 643 -1.00000000
421 643 -1.00000000
643 643 4.00000000
869 643 -1.00000000
148 644 -1.00000000
317 644 -1.00000000
644 644 4.00000000
870 644 -1.00000000
934 644 -1.00000000
317 645 -1.00000000
422 645 -1.00000000
645 645 4.00000000
870 645 -1.00000000
1016 645 -1.00000000
151 646 -1.00000000
319 646 -1.00000000
646 646 4.00000000
871 646 -1.00000000
935 646 -1.00000000
319 647 -1.00000000
423 647 -1.00000000
647 647 4.00000000
871 647 -1.00000000
1017 647 -1.00000000
153 648 -1.00000000
321 648 -1.00000000
648 648 4.00000000
872 648 -1.00000000
936 648 -1.00000000
321 649 -1.00000000
424 649 -1.00000000
649 649 4.00000000
872 649 -1.00000000
1008 649 -1.00000000
155 650 -1.00000000
323 650 -1.00000000
650 650 4.00000000
873 650 -1.00000000
937 650 -1.00000000
323 651 -1.00000000
425 651 -1.00000000
651 651 4.00000000
873 651 -1.00000000
1009 651 -1.00000000
157 652 -1.00000000
325 652 -1.00000000
652 652 4.00000000
874 652 -1.00000000
938 652 -1.00000000
325 653 -1.00000000
426 653 -1.00000000
653 653 4.00000000
874 653 -1.00000000
1010 653 -1.00000000
159 654 -1.00000000
327 654 -1.00000000
654 654 4.00000000
875 654 -1.00000000
939 654 -1.00000000
327 655 -1.00000000
427 655 -1.00000000
655 655 4.00000000
875 655 -1.00000000
1011 655 -1.00000000
161 656 -1.00000000
329 656 -1.00000000
656 656 4.00000000
876 656 -1.00000000
940 656 -1.00000000
329 657 -1.00000000
428 657 -1.00000000
657 657 4.00000000
876 657 -1.00000000
1012 657 -1.00000000
163 658 -1.00000000
331 658 -1.00000000
658 658 4.00000000
877 658 -1.00000000
941 658 -1.00000000
331 659 -1.00000000
429 659 -1.00000000
659 659 4.00000000
877 659 -1.00000000
1013 659 -1.00000000
165 660 -1.00000000
333 660 -1.00000000
660 660 4.00000000
878 660 -1.00000000
942 660 -1.00000000
333 661 -1.00000000
430 661 -1.00000000
661 661 4.00000000
878 661 -1.00000000
1014 661 -1.00000000
167 662 -1.00000000
335 662 -1.00000000
662 662 4.00000000
879 662 -1.00000000
943 662 -1.00000000
335 663 -1.00000000
431 663 -1.00000000
663 663 4.00000000
879 663 -1.00000000
1015 663 -1.00000000
664 664 1.00000000
433 665 -1.00000000
665 665 4.00000000
880 665 -1.00000000
1000 665 -1.00000000
666 666 1.00000000
667 667 1.00000000
435 668 -1.00000000
668 668 4.00000000
881 668 -1.00000000
1001 668 -1.00000000
669 669 1.00000000
63 670 -1.00000000
437 670 -1.00000000
670 670 4.00000000
882 670 -1.00000000
1002 670 -1.00000000
65 671 -1.00000000
439 671 -1.00000000
671 671 4.00000000
883 671 -1.00000000
1003 671 -1.00000000
672 672 1.00000000
441 673 -1.00000000
673 673 4.00000000
884 673 -1.00000000
1004 673 -1.00000000
674 674 1.00000000
675 675 1.00000000
443 676 -1.00000000
676 676 4.00000000
885 676 -1.00000000
1005 676 -1.00000000
677 677 1.00000000
52 678 -1.00000000
445 678 -1.00000000
678 678 4.00000000
886 678 -1.00000000
1006 678 -1.00000000
55 679 -1.00000000
447 679 -1.00000000
679 679 4.00000000
887 679 -1.00000000
1007 679 -1.00000000
68 680 -1.00000000
449 680 -1.00000000
680 680 4.00000000
888 680 -1.00000000
998 680 -1.00000000
71 681 -1.00000000
451 681 -1.00000000
681 681 4.00000000
889 681 -1.00000000
999 681 -1.00000000
74 682 -1.00000000
453 682 -1.00000000
682 682 4.00000000
890 682 -1.00000000
77 683 -1.00000000
455 683 -1.00000000
683 683 4.00000000
891 683 -1.00000000
80 684 -1.00000000
457 684 -1.00000000
684 684 4.00000000
892 684 -1.00000000
83 685 -1.00000000
459 685 -1.00000000
685 685 4.00000000
893 685 -1.00000000
85 686 -1.00000000
461 686 -1.00000000
686 686 4.00000000
894 686 -1.00000000
992 686 -1.00000000
87 687 -1.00000000
463 687 -1.00000000
687 687 4.00000000
895 687 -1.00000000
993 687 -1.00000000
688 688 1.00000000
465 689 -1.00000000
689 689 4.00000000
896 689 -1.00000000
990 689 -1.00000000
690 690 1.00000000
691 691 1.00000000
467 692 -1.00000000
692 692 4.00000000
897 692 -1.00000000
991 692 -1.00000000
693 693 1.00000000
20 694 -1.00000000
469 694 -1.00000000
694 694 4.00000000
898 694 -1.00000000
23 695 -1.00000000
471 695 -1.00000000
695 695 4.00000000
899 695 -1.00000000
696 696 1.00000000
473 697 -1.00000000
697 697 4.00000000
900 697 -1.00000000
698 698 1.00000000
699 699 1.00000000
475 700 -1.00000000
700 700 4.00000000
901 700 -1.00000000
701 701 1.00000000
9 702 -1.00000000
477 702 -1.00000000
702 702 4.00000000
902 702 -1.00000000
984 702 -1.00000000
11 703 -1.00000000
479 703 -1.00000000
703 703 4.00000000
903 703 -1.00000000
985 703 -1.00000000
26 704 -1.00000000
481 704 -1.00000000
704 704 4.00000000
904 704 -1.00000000
976 704 -1.00000000
29 705 -1.00000000
483 705 -1.00000000
705 705 4.00000000
905 705 -1.00000000
977 705 -1.00000000
31 706 -1.00000000
485 706 -1.00000000
706 706 4.00000000
906 706 -1.00000000
978 706 -1.00000000
33 707 -1.00000000
487 707 -1.00000000
707 707 4.00000000
907 707 -1.00000000
979 707 -1.00000000
36 708 -1.00000000
489 708 -1.00000000
708 708 4.00000000
908 708 -1.00000000
980 708 -1.00000000
39 709 -1.00000000
491 709 -1.00000000
709 709 4.00000000
909 709 -1.00000000
981 709 -1.00000000
41 710 -1.00000000
493 710 -1.00000000
710 710 4.00000000
910 710 -1.00000000
982 710 -1.00000000
43 711 -1.00000000
495 711 -1.00000000
711 711 4.00000000
911 711 -1.00000000
983 711 -1.00000000
90 712 -1.00000000
496 712 -1.00000000
712 712 4.00000000
912 712 -1.00000000
944 712 -1.00000000
93 713 -1.00000000
497 713 -1.00000000
713 713 4.00000000
913 713 -1.00000000
945 713 -1.00000000
96 714 -1.00000000
498 714 -1.00000000
714 714 4.00000000
914 714 -1.00000000
946 714 -1.00000000
99 715 -1.00000000
499 715 -1.00000000
715 715 4.00000000
915 715 -1.00000000
947 715 -1.00000000
102 716 -1.00000000
500 716 -1.00000000
716 716 4.00000000
916 716 -1.00000000
948 716 -1.00000000
105 717 -1.00000000
501 717 -1.00000000
717 717 4.00000000
917 717 -1.00000000
949 717 -1.00000000
108 718 -1.00000000
502 718 -1.00000000
718 718 4.00000000
918 718 -1.00000000
950 718 -1.00000000
111 719 -1.00000000
503 719 -1.00000000
719 719 4.00000000
919 719 -1.00000000
951 719 -1.00000000
113 720 -1.00000000
504 720 -1.00000000
720 720 4.00000000
920 720 -1.00000000
952 720 -1.00000000
115 721 -1.00000000
505 721 -1.00000000
721 721 4.00000000
921 721 -1.00000000
953 721 -1.00000000
117 722 -1.00000000
506 722 -1.00000000
722 722 4.00000000
922 722 -1.00000000
954 722 -1.00000000
119 723 -1.00000000
507 723 -1.00000000
723 723 4.00000000
923 723 -1.00000000
955 723 -1.00000000
121 724 -1.00000000
508 724 -1.00000000
724 724 4.00000000
924 724 -1.00000000
956 724 -1.00000000
123 725 -1.00000000
509 725 -1.00000000
725 725 4.00000000
925 725 -1.00000000
957 725 -1.00000000
125 726 -1.00000000
510 726 -1.00000000
726 726 4.00000000
926 726 -1.00000000
958 726 -1.00000000
127 727 -1.00000000
511 727 -1.00000000
727 727 4.00000000
927 727 -1.00000000
959 727 -1.00000000
130 728 -1.00000000
512 728 -1.00000000
728 728 4.00000000
928 728 -1.00000000
960 728 -1.00000000
133 729 -1.00000000
513 729 -1.00000000
729 729 4.00000000
929 729 -1.00000000
961 729 -1.00000000
136 730 -1.00000000
514 730 -1.00000000
730 730 4.00000000
930 730 -1.00000000
962 730 -1.00000000
139 731 -1.00000000
515 731 -1.00000000
731 731 4.00000000
931 731 -1.00000000
963 731 -1.00000000
142 732 -1.00000000
516 732 -1.00000000
732 732 4.00000000
932 732 -1.00000000
964 732 -1.00000000
145 733 -1.00000000
517 733 -1.00000000
733 733 4.00000000
933 733 -1.00000000
965 733 -1.00000000
148 734 -1.00000000
518 734 -1.00000000
734 734 4.00000000
934 734 -1.00000000
966 734 -1.00000000
151 735 -1.00000000
519 735 -1.00000000
735 735 4.00000000
935 735 -1.00000000
967 735 -1.00000000
153 736 -1.00000000
520 736 -1.00000000
736 736 4.00000000
936 736 -1.00000000
968 736 -1.00000000
155 737 -1.00000000
521 737 -1.00000000
737 737 4.00000000
937 737 -1.00000000
969 737 -1.00000000
157 738 -1.00000000
522 738 -1.00000000
738 738 4.00000000
938 738 -1.00000000
970 738 -1.00000000
159 739 -1.00000000
523 739 -1.00000000
739 739 4.00000000
939 739 -1.00000000
971 739 -1.00000000
161 740 -1.00000000
524 740 -1.00000000
740 740 4.00000000
940 740 -1.00000000
972 740 -1.00000000
163 741 -1.00000000
525 741 -1.00000000
741 741 4.00000000
941 741 -1.00000000
973 741 -1.00000000
165 742 -1.00000000
526 742 -1.00000000
742 742 4.00000000
942 742 -1.00000000
974 742 -1.00000000
167 743 -1.00000000
527 743 -1.00000000
743 743 4.00000000
943 743 -1.00000000
975 743 -1.00000000
337 744 -1.00000000
496 744 -1.00000000
744 744 4.00000000
944 744 -1.00000000
1040 744 -1.00000000
339 745 -1.00000000
497 745 -1.00000000
745 745 4.00000000
945 745 -1.00000000
1041 745 -1.00000000
341 746 -1.00000000
498 746 -1.00000000
746 746 4.00000000
946 746 -1.00000000
1042 746 -1.00000000
343 747 -1.00000000
499 747 -1.00000000
747 747 4.00000000
947 747 -1.00000000
1043 747 -1.00000000
345 748 -1.00000000
500 748 -1.00000000
748 748 4.00000000
948 748 -1.00000000
1044 748 -1.00000000
347 749 -1.00000000
501 749 -1.00000000
749 749 4.00000000
949 749 -1.00000000
1045 749 -1.00000000
349 750 -1.00000000
502 750 -1.00000000
750 750 4.00000000
950 750 -1.00000000
1046 750 -1.00000000
351 751 -1.00000000
503 751 -1.00000000
751 751 4.00000000
951 751 -1.00000000
1047 751 -1.00000000
353 752 -1.00000000
504 752 -1.00000000
752 752 4.00000000
952 752 -1.00000000
1048 752 -1.00000000
355 753 -1.00000000
505 753 -1.00000000
753 753 4.00000000
953 753 -1.00000000
1049 753 -1.00000000
357 754 -1.00000000
506 754 -1.00000000
754 754 4.00000000
954 754 -1.00000000
1050 754 -1.00000000
359 755 -1.00000000
507 755 -1.00000000
755 755 4.00000000
955 755 -1.00000000
1051 755 -1.00000000
361 756 -1.00000000
508 756 -1.00000000
756 756 4.00000000
956 756 -1.00000000
1052 756 -1.00000000
363 757 -1.00000000
509 757 -1.00000000
757 757 4.00000000
957 757 -1.00000000
1053 757 -1.00000000
365 758 -1.00000000
510 758 -1.00000000
758 758 4.00000000
958 758 -1.00000000
1054 758 -1.00000000
367 759 -1.00000000
511 759 -1.00000000
759 759 4.00000000
959 759 -1.00000000
1055 759 -1.00000000
369 760 -1.00000000
512 760 -1.00000000
760 760 4.00000000
960 760 -1.00000000
1056 760 -1.00000000
371 761 -1.00000000
513 761 -1.00000000
761 761 4.00000000
961 761 -1.00000000
1057 761 -1.00000000
373 762 -1.00000000
514 762 -1.00000000
762 762 4.00000000
962 762 -1.00000000
1058 762 -1.00000000
375 763 -1.00000000
515 763 -1.00000000
763 763 4.00000000
963 763 -1.00000000
1059 763 -1.00000000
377 764 -1.00000000
516 764 -1.00000000
764 764 4.00000000
964 764 -1.00000000
1060 764 -1.00000000
379 765 -1.00000000
517 765 -1.00000000
765 765 4.00000000
965 765 -1.00000000
1061 765 -1.00000000
381 766 -1.00000000
518 766 -1.00000000
766 766 4.00000000
966 766 -1.00000000
1062 766 -1.00000000
383 767 -1.00000000
519 767 -1.00000000
767 767 4.00000000
967 767 -1.00000000
1063 767 -1.00000000
385 768 -1.00000000
520 768 -1.00000000
768 768 4.00000000
968 768 -1.00000000
1064 768 -1.00000000
387 769 -1.00000000
521 769 -1.00000000
769 769 4.00000000
969 769 -1.00000000
1065 769 -1.00000000
389 770 -1.00000000
522 770 -1.00000000
770 770 4.00000000
970 770 -1.00000000
1066 770 -1.00000000
391 771 -1.00000000
523 771 -1.00000000
771 771 4.00000000
971 771 -1.00000000
1067 771 -1.00000000
393 772 -1.00000000
524 772 -1.00000000
772 772 4.00000000
972 772 -1.00000000
1068 772 -1.00000000
395 773 -1.00000000
525 773 -1.00000000
773 773 4.00000000
973 773 -1.00000000
1069 773 -1.00000000
397 774 -1.00000000
526 774 -1.00000000
774 774 4.00000000
974 774 -1.00000000
1070 774 -1.00000000
399 775 -1.00000000
527 775 -1.00000000
775 775 4.00000000
975 775 -1.00000000
1071 775 -1.00000000
400 776 -1.00000000
481 776 -1.00000000
776 776 4.00000000
976 776 -1.00000000
1032 776 -1.00000000
401 777 -1.00000000
483 777 -1.00000000
777 777 4.00000000
977 777 -1.00000000
1033 777 -1.00000000
402 778 -1.00000000
485 778 -1.00000000
778 778 4.00000000
978 778 -1.00000000
1034 778 -1.00000000
403 779 -1.00000000
487 779 -1.00000000
779 779 4.00000000
979 779 -1.00000000
1035 779 -1.00000000
404 780 -1.00000000
489 780 -1.00000000
780 780 4.00000000
980 780 -1.00000000
1036 780 -1.00000000
405 781 -1.00000000
491 781 -1.00000000
781 781 4.00000000
981 781 -1.00000000
1037 781 -1.00000000
406 782 -1.00000000
493 782 -1.00000000
782 782 4.00000000
982 782 -1.00000000
1038 782 -1.00000000
407 783 -1.00000000
495 783 -1.00000000
783 783 4.00000000
983 783 -1.00000000
1039 783 -1.00000000
408 784 -1.00000000
477 784 -1.00000000
784 784 4.00000000
984 784 -1.00000000
1030 784 -1.00000000
409 785 -1.00000000
479 785 -1.00000000
785 785 4.00000000
985 785 -1.00000000
1031 785 -1.00000000
786 786 1.00000000
787 787 1.00000000
788 788 1.00000000
789 789 1.00000000
414 790 -1.00000000
465 790 -1.00000000
790 790 4.00000000
990 790 -1.00000000
1024 790 -1.00000000
415 791 -1.00000000
467 791 -1.00000000
791 791 4.00000000
991 791 -1.00000000
1025 791 -1.00000000
416 792 -1.00000000
461 792 -1.00000000
792 792 4.00000000
992 792 -1.00000000
1022 792 -1.00000000
417 793 -1.00000000
463 793 -1.00000000
793 793 4.00000000
993 793 -1.00000000
1023 793 -1.00000000
794 794 1.00000000
795 795 1.00000000
796 796 1.00000000
797 797 1.00000000
422 798 -1.00000000
449 798 -1.00000000
798 798 4.00000000
998 798 -1.00000000
1016 798 -1.00000000
423 799 -1.00000000
451 799 -1.00000000
799 799 4.00000000
999 799 -1.00000000
1017 799 -1.00000000
424 800 -1.00000000
433 800 -1.00000000
800 800 4.00000000
1000 800 -1.00000000
1008 800 -1.00000000
425 801 -1.00000000
435 801 -1.00000000
801 801 4.00000000
1001 801 -1.00000000
1009 801 -1.00000000
426 802 -1.00000000
437 802 -1.00000000
802 802 4.00000000
1002 802 -1.00000000
1010 802 -1.00000000
427 803 -1.00000000
439 803 -1.00000000
803 803 4.00000000
1003 803 -1.00000000
1011 803 -1.00000000
428 804 -1.00000000
441 804 -1.00000000
804 804 4.00000000
1004 804 -1.00000000
1012 804 -1.00000000
429 805 -1.00000000
443 805 -1.00000000
805 805 4.00000000
1005 805 -1.00000000
1013 805 -1.00000000
430 806 -1.00000000
445 806 -1.00000000
806 806 4.00000000
1006 806 -1.00000000
1014 806 -1.00000000
431 807 -1.00000000
447 807 -1.00000000
807 807 4.00000000
1007 807 -1.00000000
1015 807 -1.00000000
808 808 1.00000000
809 809 1.00000000
810 810 1.00000000
811 811 1.00000000
812 812 1.00000000
813 813 1.00000000
814 814 1.00000000
815 815 1.00000000
2 816 -1.00000000
336 816 -1.00000000
529 816 -1.00000000
816 816 4.00000000
5 817 -1.00000000
338 817 -1.00000000
532 817 -1.00000000
817 817 4.00000000
8 818 -1.00000000
340 818 -1.00000000
534 818 -1.00000000
535 818 -1.00000000
818 818 4.00000000
10 819 -1.00000000
342 819 -1.00000000
536 819 -1.00000000
537 819 -1.00000000
819 819 4.00000000
13 820 -1.00000000
344 820 -1.00000000
539 820 -1.00000000
820 820 4.00000000
16 821 -1.00000000
346 821 -1.00000000
542 821 -1.00000000
821 821 4.00000000
19 822 -1.00000000
348 822 -1.00000000
544 822 -1.00000000
545 822 -1.00000000
822 822 4.00000000
22 823 -1.00000000
350 823 -1.00000000
546 823 -1.00000000
547 823 -1.00000000
823 823 4.00000000
25 824 -1.00000000
352 824 -1.00000000
548 824 -1.00000000
549 824 -1.00000000
824 824 4.00000000
28 825 -1.00000000
354 825 -1.00000000
550 825 -1.00000000
551 825 -1.00000000
825 825 4.00000000
30 826 -1.00000000
356 826 -1.00000000
552 826 -1.00000000
553 826 -1.00000000
826 826 4.00000000
32 827 -1.00000000
358 827 -1.00000000
554 827 -1.00000000
555 827 -1.00000000
827 827 4.00000000
35 828 -1.00000000
360 828 -1.00000000
556 828 -1.00000000
557 828 -1.00000000
828 828 4.00000000
38 829 -1.00000000
362 829 -1.00000000
558 829 -1.00000000
559 829 -1.00000000
829 829 4.00000000
40 830 -1.00000000
364 830 -1.00000000
560 830 -1.00000000
561 830 -1.00000000
830 830 4.00000000
42 831 -1.00000000
366 831 -1.00000000
562 831 -1.00000000
563 831 -1.00000000
831 831 4.00000000
45 832 -1.00000000
368 832 -1.00000000
565 832 -1.00000000
832 832 4.00000000
48 833 -1.00000000
370 833 -1.00000000
568 833 -1.00000000
833 833 4.00000000
51 834 -1.00000000
372 834 -1.00000000
570 834 -1.00000000
571 834 -1.00000000
834 834 4.00000000
54 835 -1.00000000
374 835 -1.00000000
572 835 -1.00000000
573 835 -1.00000000
835 835 4.00000000
57 836 -1.00000000
376 836 -1.00000000
575 836 -1.00000000
836 836 4.00000000
60 837 -1.00000000
378 837 -1.00000000
578 837 -1.00000000
837 837 4.00000000
62 838 -1.00000000
380 838 -1.00000000
580 838 -1.00000000
581 838 -1.00000000
838 838 4.00000000
64 839 -1.00000000
382 839 -1.00000000
582 839 -1.00000000
583 839 -1.00000000
839 839 4.00000000
67 840 -1.00000000
384 840 -1.00000000
584 840 -1.00000000
585 840 -1.00000000
840 840 4.00000000
70 841 -1.00000000
386 841 -1.00000000
586 841 -1.00000000
587 841 -1.00000000
841 841 4.00000000
73 842 -1.00000000
388 842 -1.00000000
588 842 -1.00000000
589 842 -1.00000000
842 842 4.00000000
76 843 -1.00000000
390 843 -1.00000000
590 843 -1.00000000
591 843 -1.00000000
843 843 4.00000000
79 844 -1.00000000
392 844 -1.00000000
592 844 -1.00000000
593 844 -1.00000000
844 844 4.00000000
82 845 -1.00000000
394 845 -1.00000000
594 845 -1.00000000
595 845 -1.00000000
845 845 4.00000000
84 846 -1.00000000
396 846 -1.00000000
596 846 -1.00000000
597 846 -1.00000000
846 846 4.00000000
86 847 -1.00000000
398 847 -1.00000000
598 847 -1.00000000
599 847 -1.00000000
847 847 4.00000000
89 848 -1.00000000
358 848 -1.00000000
600 848 -1.00000000
601 848 -1.00000000
848 848 4.00000000
92 849 -1.00000000
356 849 -1.00000000
602 849 -1.00000000
603 849 -1.00000000
849 849 4.00000000
95 850 -1.00000000
354 850 -1.00000000
604 850 -1.00000000
605 850 -1.00000000
850 850 4.00000000
98 851 -1.00000000
352 851 -1.00000000
606 851 -1.00000000
607 851 -1.00000000
851 851 4.00000000
101 852 -1.00000000
364 852 -1.00000000
608 852 -1.00000000
609 852 -1.00000000
852 852 4.00000000
104 853 -1.00000000
366 853 -1.00000000
610 853 -1.00000000
611 853 -1.00000000
853 853 4.00000000
107 854 -1.00000000
360 854 -1.00000000
612 854 -1.00000000
613 854 -1.00000000
854 854 4.00000000
110 855 -1.00000000
362 855 -1.00000000
614 855 -1.00000000
615 855 -1.00000000
855 855 4.00000000
112 856 -1.00000000
342 856 -1.00000000
616 856 -1.00000000
617 856 -1.00000000
856 856 4.00000000
114 857 -1.00000000
340 857 -1.00000000
618 857 -1.00000000
619 857 -1.00000000
857 857 4.00000000
116 858 -1.00000000
338 858 -1.00000000
620 858 -1.00000000
621 858 -1.00000000
858 858 4.00000000
118 859 -1.00000000
336 859 -1.00000000
622 859 -1.00000000
623 859 -1.00000000
859 859 4.00000000
120 860 -1.00000000
348 860 -1.00000000
624 860 -1.00000000
625 860 -1.00000000
860 860 4.00000000
122 861 -1.00000000
350 861 -1.00000000
626 861 -1.00000000
627 861 -1.00000000
861 861 4.00000000
124 862 -1.00000000
344 862 -1.00000000
628 862 -1.00000000
629 862 -1.00000000
862 862 4.00000000
126 863 -1.00000000
346 863 -1.00000000
630 863 -1.00000000
631 863 -1.00000000
863 863 4.00000000
129 864 -1.00000000
384 864 -1.00000000
632 864 -1.00000000
633 864 -1.00000000
864 864 4.00000000
132 865 -1.00000000
386 865 -1.00000000
634 865 -1.00000000
635 865 -1.00000000
865 865 4.00000000
135 866 -1.00000000
388 866 -1.00000000
636 866 -1.00000000
637 866 -1.00000000
866 866 4.00000000
138 867 -1.00000000
390 867 -1.00000000
638 867 -1.00000000
639 867 -1.00000000
867 867 4.00000000
141 868 -1.00000000
392 868 -1.00000000
640 868 -1.00000000
641 868 -1.00000000
868 868 4.00000000
144 869 -1.00000000
394 869 -1.00000000
642 869 -1.00000000
643 869 -1.00000000
869 869 4.00000000
147 870 -1.00000000
396 870 -1.00000000
644 870 -1.00000000
645 870 -1.00000000
870 870 4.00000000
150 871 -1.00000000
398 871 -1.00000000
646 871 -1.00000000
647 871 -1.00000000
871 871 4.00000000
152 872 -1.00000000
368 872 -1.00000000
648 872 -1.00000000
649 872 -1.00000000
872 872 4.00000000
154 873 -1.00000000
370 873 -1.00000000
650 873 -1.00000000
651 873 -1.00000000
873 873 4.00000000
156 874 -1.00000000
372 874 -1.00000000
652 874 -1.00000000
653 874 -1.00000000
874 874 4.00000000
158 875 -1.00000000
374 875 -1.00000000
654 875 -1.00000000
655 875 -1.00000000
875 875 4.00000000
160 876 -1.00000000
376 876 -1.00000000
656 876 -1.00000000
657 876 -1.00000000
876 876 4.00000000
162 877 -1.00000000
378 877 -1.00000000
658 877 -1.00000000
659 877 -1.00000000
877 877 4.00000000
164 878 -1.00000000
380 878 -1.00000000
660 878 -1.00000000
661 878 -1.00000000
878 878 4.00000000
166 879 -1.00000000
382 879 -1.00000000
662 879 -1.00000000
663 879 -1.00000000
879 879 4.00000000
169 880 -1.00000000
432 880 -1.00000000
665 880 -1.00000000
880 880 4.00000000
172 881 -1.00000000
434 881 -1.00000000
668 881 -1.00000000
881 881 4.00000000
175 882 -1.00000000
436 882 -1.00000000
580 882 -1.00000000
670 882 -1.00000000
882 882 4.00000000
178 883 -1.00000000
438 883 -1.00000000
582 883 -1.00000000
671 883 -1.00000000
883 883 4.00000000
181 884 -1.00000000
440 884 -1.00000000
673 884 -1.00000000
884 884 4.00000000
184 885 -1.00000000
442 885 -1.00000000
676 885 -1.00000000
885 885 4.00000000
187 886 -1.00000000
444 886 -1.00000000
570 886 -1.00000000
678 886 -1.00000000
886 886 4.00000000
190 887 -1.00000000
446 887 -1.00000000
572 887 -1.00000000
679 887 -1.00000000
887 887 4.00000000
193 888 -1.00000000
448 888 -1.00000000
584 888 -1.00000000
680 888 -1.00000000
888 888 4.00000000
196 889 -1.00000000
450 889 -1.00000000
586 889 -1.00000000
681 889 -1.00000000
889 889 4.00000000
199 890 -1.00000000
452 890 -1.00000000
588 890 -1.00000000
682 890 -1.00000000
890 890 4.00000000
202 891 -1.00000000
454 891 -1.00000000
590 891 -1.00000000
683 891 -1.00000000
891 891 4.00000000
205 892 -1.00000000
456 892 -1.00000000
592 892 -1.00000000
684 892 -1.00000000
892 892 4.00000000
208 893 -1.00000000
458 893 -1.00000000
594 893 -1.00000000
685 893 -1.00000000
893 893 4.00000000
211 894 -1.00000000
460 894 -1.00000000
596 894 -1.00000000
686 894 -1.00000000
894 894 4.00000000
214 895 -1.00000000
462 895 -1.00000000
598 895 -1.00000000
687 895 -1.00000000
895 895 4.00000000
217 896 -1.00000000
464 896 -1.00000000
689 896 -1.00000000
896 896 4.00000000
220 897 -1.00000000
466 897 -1.00000000
692 897 -1.00000000
897 897 4.00000000
222 898 -1.00000000
468 898 -1.00000000
544 898 -1.00000000
694 898 -1.00000000
898 898 4.00000000
224 899 -1.00000000
470 899 -1.00000000
546 899 -1.00000000
695 899 -1.00000000
899 899 4.00000000
227 900 -1.00000000
472 900 -1.00000000
697 900 -1.00000000
900 900 4.00000000
230 901 -1.00000000
474 901 -1.00000000
700 901 -1.00000000
901 901 4.00000000
232 902 -1.00000000
476 902 -1.00000000
534 902 -1.00000000
702 902 -1.00000000
902 902 4.00000000
234 903 -1.00000000
478 903 -1.00000000
536 903 -1.00000000
703 903 -1.00000000
903 903 4.00000000
236 904 -1.00000000
480 904 -1.00000000
548 904 -1.00000000
704 904 -1.00000000
904 904 4.00000000
238 905 -1.00000000
482 905 -1.00000000
550 905 -1.00000000
705 905 -1.00000000
905 905 4.00000000
240 906 -1.00000000
484 906 -1.00000000
552 906 -1.00000000
706 906 -1.00000000
906 906 4.00000000
242 907 -1.00000000
486 907 -1.00000000
554 907 -1.00000000
707 907 -1.00000000
907 907 4.00000000
244 908 -1.00000000
488 908 -1.00000000
556 908 -1.00000000
708 908 -1.00000000
908 908 4.00000000
246 909 -1.00000000
490 909 -1.00000000
558 909 -1.00000000
709 909 -1.00000000
909 909 4.00000000
248 910 -1.00000000
492 910 -1.00000000
560 910 -1.00000000
710 910 -1.00000000
910 910 4.00000000
250 911 -1.00000000
494 911 -1.00000000
562 911 -1.00000000
711 911 -1.00000000
911 911 4.00000000
253 912 -1.00000000
432 912 -1.00000000
600 912 -1.00000000
712 912 -1.00000000
912 912 4.00000000
256 913 -1.00000000
434 913 -1.00000000
602 913 -1.00000000
713 913 -1.00000000
913 913 4.00000000
259 914 -1.00000000
436 914 -1.00000000
604 914 -1.00000000
714 914 -1.00000000
914 914 4.00000000
262 915 -1.00000000
438 915 -1.00000000
606 915 -1.00000000
715 915 -1.00000000
915 915 4.00000000
265 916 -1.00000000
440 916 -1.00000000
608 916 -1.00000000
716 916 -1.00000000
916 916 4.00000000
268 917 -1.00000000
442 917 -1.00000000
610 917 -1.00000000
717 917 -1.00000000
917 917 4.00000000
271 918 -1.00000000
444 918 -1.00000000
612 918 -1.00000000
718 918 -1.00000000
918 918 4.00000000
274 919 -1.00000000
446 919 -1.00000000
614 919 -1.00000000
719 919 -1.00000000
919 919 4.00000000
277 920 -1.00000000
448 920 -1.00000000
616 920 -1.00000000
720 920 -1.00000000
920 920 4.00000000
280 921 -1.00000000
450 921 -1.00000000
618 921 -1.00000000
721 921 -1.00000000
921 921 4.00000000
283 922 -1.00000000
452 922 -1.00000000
620 922 -1.00000000
722 922 -1.00000000
922 922 4.00000000
286 923 -1.00000000
454 923 -1.00000000
622 923 -1.00000000
723 923 -1.00000000
923 923 4.00000000
289 924 -1.00000000
456 924 -1.00000000
624 924 -1.00000000
724 924 -1.00000000
924 924 4.00000000
292 925 -1.00000000
458 925 -1.00000000
626 925 -1.00000000
725 925 -1.00000000
925 925 4.00000000
295 926 -1.00000000
460 926 -1.00000000
628 926 -1.00000000
726 926 -1.00000000
926 926 4.00000000
298 927 -1.00000000
462 927 -1.00000000
630 927 -1.00000000
727 927 -1.00000000
927 927 4.00000000
300 928 -1.00000000
464 928 -1.00000000
632 928 -1.00000000
728 928 -1.00000000
928 928 4.00000000
302 929 -1.00000000
466 929 -1.00000000
634 929 -1.00000000
729 929 -1.00000000
929 929 4.00000000
305 930 -1.00000000
468 930 -1.00000000
636 930 -1.00000000
730 930 -1.00000000
930 930 4.00000000
308 931 -1.00000000
470 931 -1.00000000
638 931 -1.00000000
731 931 -1.00000000
931 931 4.00000000
311 932 -1.00000000
472 932 -1.00000000
640 932 -1.00000000
732 932 -1.00000000
932 932 4.00000000
314 933 -1.00000000
474 933 -1.00000000
642 933 -1.00000000
733 933 -1.00000000
933 933 4.00000000
316 934 -1.00000000
476 934 -1.00000000
644 934 -1.00000000
734 934 -1.00000000
934 934 4.00000000
318 935 -1.00000000
478 935 -1.00000000
646 935 -1.00000000
735 935 -1.00000000
935 935 4.00000000
320 936 -1.00000000
480 936 -1.00000000
648 936 -1.00000000
736 936 -1.00000000
936 936 4.00000000
322 937 -1.00000000
482 937 -1.00000000
650 937 -1.00000000
737 937 -1.00000000
937 937 4.00000000
324 938 -1.00000000
484 938 -1.00000000
652 938 -1.00000000
738 938 -1.00000000
938 938 4.00000000
326 939 -1.00000000
486 939 -1.00000000
654 939 -1.00000000
739 939 -1.00000000
939 939 4.00000000
328 940 -1.00000000
488 940 -1.00000000
656 940 -1.00000000
740 940 -1.00000000
940 940 4.00000000
330 941 -1.00000000
490 941 -1.00000000
658 941 -1.00000000
741 941 -1.00000000
941 941 4.00000000
332 942 -1.00000000
492 942 -1.00000000
660 942 -1.00000000
742 942 -1.00000000
942 942 4.00000000
334 943 -1.00000000
494 943 -1.00000000
662 943 -1.00000000
743 943 -1.00000000
943 943 4.00000000
88 944 -1.00000000
118 944 -1.00000000
712 944 -1.00000000
744 944 -1.00000000
944 944 4.00000000
91 945 -1.00000000
116 945 -1.00000000
713 945 -1.00000000
745 945 -1.00000000
945 945 4.00000000
94 946 -1.00000000
114 946 -1.00000000
714 946 -1.00000000
746 946 -1.00000000
946 946 4.00000000
97 947 -1.00000000
112 947 -1.00000000
715 947 -1.00000000
747 947 -1.00000000
947 947 4.00000000
100 948 -1.00000000
124 948 -1.00000000
716 948 -1.00000000
748 948 -1.00000000
948 948 4.00000000
103 949 -1.00000000
126 949 -1.00000000
717 949 -1.00000000
749 949 -1.00000000
949 949 4.00000000
106 950 -1.00000000
120 950 -1.00000000
718 950 -1.00000000
750 950 -1.00000000
950 950 4.00000000
109 951 -1.00000000
122 951 -1.00000000
719 951 -1.00000000
751 951 -1.00000000
951 951 4.00000000
97 952 -1.00000000
98 952 -1.00000000
720 952 -1.00000000
752 952 -1.00000000
952 952 4.00000000
94 953 -1.00000000
95 953 -1.00000000
721 953 -1.00000000
753 953 -1.00000000
953 953 4.00000000
91 954 -1.00000000
92 954 -1.00000000
722 954 -1.00000000
754 954 -1.00000000
954 954 4.00000000
88 955 -1.00000000
89 955 -1.00000000
723 955 -1.00000000
755 955 -1.00000000
955 955 4.00000000
106 956 -1.00000000
107 956 -1.00000000
724 956 -1.00000000
756 956 -1.00000000
956 956 4.00000000
109 957 -1.00000000
110 957 -1.00000000
725 957 -1.00000000
757 957 -1.00000000
957 957 4.00000000
100 958 -1.00000000
101 958 -1.00000000
726 958 -1.00000000
758 958 -1.00000000
958 958 4.00000000
103 959 -1.00000000
104 959 -1.00000000
727 959 -1.00000000
759 959 -1.00000000
959 959 4.00000000
128 960 -1.00000000
152 960 -1.00000000
728 960 -1.00000000
760 960 -1.00000000
960 960 4.00000000
131 961 -1.00000000
154 961 -1.00000000
729 961 -1.00000000
761 961 -1.00000000
961 961 4.00000000
134 962 -1.00000000
156 962 -1.00000000
730 962 -1.00000000
762 962 -1.00000000
962 962 4.00000000
137 963 -1.00000000
158 963 -1.00000000
731 963 -1.00000000
763 963 -1.00000000
963 963 4.00000000
140 964 -1.00000000
160 964 -1.00000000
732 964 -1.00000000
764 964 -1.00000000
964 964 4.00000000
143 965 -1.00000000
162 965 -1.00000000
733 965 -1.00000000
765 965 -1.00000000
965 965 4.00000000
146 966 -1.00000000
164 966 -1.00000000
734 966 -1.00000000
766 966 -1.00000000
966 966 4.00000000
149 967 -1.00000000
166 967 -1.00000000
735 967 -1.00000000
767 967 -1.00000000
967 967 4.00000000
128 968 -1.00000000
129 968 -1.00000000
736 968 -1.00000000
768 968 -1.00000000
968 968 4.00000000
131 969 -1.00000000
132 969 -1.00000000
737 969 -1.00000000
769 969 -1.00000000
969 969 4.00000000
134 970 -1.00000000
135 970 -1.00000000
738 970 -1.00000000
770 970 -1.00000000
970 970 4.00000000
137 971 -1.00000000
138 971 -1.00000000
739 971 -1.00000000
771 971 -1.00000000
971 971 4.00000000
140 972 -1.00000000
141 972 -1.00000000
740 972 -1.00000000
772 972 -1.00000000
972 972 4.00000000
143 973 -1.00000000
144 973 -1.00000000
741 973 -1.00000000
773 973 -1.00000000
973 973 4.00000000
146 974 -1.00000000
147 974 -1.00000000
742 974 -1.00000000
774 974 -1.00000000
974 974 4.00000000
149 975 -1.00000000
150 975 -1.00000000
743 975 -1.00000000
775 975 -1.00000000
975 975 4.00000000
24 976 -1.00000000
32 976 -1.00000000
704 976 -1.00000000
776 976 -1.00000000
976 976 4.00000000
27 977 -1.00000000
30 977 -1.00000000
705 977 -1.00000000
777 977 -1.00000000
977 977 4.00000000
27 978 -1.00000000
28 978 -1.00000000
706 978 -1.00000000
778 978 -1.00000000
978 978 4.00000000
24 979 -1.00000000
25 979 -1.00000000
707 979 -1.00000000
779 979 -1.00000000
979 979 4.00000000
34 980 -1.00000000
40 980 -1.00000000
708 980 -1.00000000
780 980 -1.00000000
980 980 4.00000000
37 981 -1.00000000
42 981 -1.00000000
709 981 -1.00000000
781 981 -1.00000000
981 981 4.00000000
34 982 -1.00000000
35 982 -1.00000000
710 982 -1.00000000
782 982 -1.00000000
982 982 4.00000000
37 983 -1.00000000
38 983 -1.00000000
711 983 -1.00000000
783 983 -1.00000000
983 983 4.00000000
7 984 -1.00000000
10 984 -1.00000000
702 984 -1.00000000
784 984 -1.00000000
984 984 4.00000000
7 985 -1.00000000
8 985 -1.00000000
703 985 -1.00000000
785 985 -1.00000000
985 985 4.00000000
986 986 1.00000000
987 987 1.00000000
988 988 1.00000000
989 989 1.00000000
13 990 -1.00000000
689 990 -1.00000000
790 990 -1.00000000
990 990 4.00000000
16 991 -1.00000000
692 991 -1.00000000
791 991 -1.00000000
991 991 4.00000000
66 992 -1.00000000
67 992 -1.00000000
686 992 -1.00000000
792 992 -1.00000000
992 992 4.00000000
69 993 -1.00000000
70 993 -1.00000000
687 993 -1.00000000
793 993 -1.00000000
993 993 4.00000000
994 994 1.00000000
995 995 1.00000000
996 996 1.00000000
997 997 1.00000000
66 998 -1.00000000
84 998 -1.00000000
680 998 -1.00000000
798 998 -1.00000000
998 998 4.00000000
69 999 -1.00000000
86 999 -1.00000000
681 999 -1.00000000
799 999 -1.00000000
999 999 4.00000000
45 1000 -1.00000000
665 1000 -1.00000000
800 1000 -1.00000000
1000 1000 4.00000000
48 1001 -1.00000000
668 1001 -1.00000000
801 1001 -1.00000000
1001 1001 4.00000000
50 1002 -1.00000000
51 1002 -1.00000000
670 1002 -1.00000000
802 1002 -1.00000000
1002 1002 4.00000000
53 1003 -1.00000000
54 1003 -1.00000000
671 1003 -1.00000000
803 1003 -1.00000000
1003 1003 4.00000000
57 1004 -1.00000000
673 1004 -1.00000000
804 1004 -1.00000000
1004 1004 4.00000000
60 1005 -1.00000000
676 1005 -1.00000000
805 1005 -1.00000000
1005 1005 4.00000000
50 1006 -1.00000000
62 1006 -1.00000000
678 1006 -1.00000000
806 1006 -1.00000000
1006 1006 4.00000000
53 1007 -1.00000000
64 1007 -1.00000000
679 1007 -1.00000000
807 1007 -1.00000000
1007 1007 4.00000000
252 1008 -1.00000000
253 1008 -1.00000000
649 1008 -1.00000000
800 1008 -1.00000000
1008 1008 4.00000000
255 1009 -1.00000000
256 1009 -1.00000000
651 1009 -1.00000000
801 1009 -1.00000000
1009 1009 4.00000000
258 1010 -1.00000000
259 1010 -1.00000000
653 1010 -1.00000000
802 1010 -1.00000000
1010 1010 4.00000000
261 1011 -1.00000000
262 1011 -1.00000000
655 1011 -1.00000000
803 1011 -1.00000000
1011 1011 4.00000000
264 1012 -1.00000000
265 1012 -1.00000000
657 1012 -1.00000000
804 1012 -1.00000000
1012 1012 4.00000000
267 1013 -1.00000000
268 1013 -1.00000000
659 1013 -1.00000000
805 1013 -1.00000000
1013 1013 4.00000000
270 1014 -1.00000000
271 1014 -1.00000000
661 1014 -1.00000000
806 1014 -1.00000000
1014 1014 4.00000000
273 1015 -1.00000000
274 1015 -1.00000000
663 1015 -1.00000000
807 1015 -1.00000000
1015 1015 4.00000000
276 1016 -1.00000000
277 1016 -1.00000000
645 1016 -1.00000000
798 1016 -1.00000000
1016 1016 4.00000000
279 1017 -1.00000000
280 1017 -1.00000000
647 1017 -1.00000000
799 1017 -1.00000000
1017 1017 4.00000000
1018 1018 1.00000000
1019 1019 1.00000000
1020 1020 1.00000000
1021 1021 1.00000000
294 1022 -1.00000000
295 1022 -1.00000000
633 1022 -1.00000000
792 1022 -1.00000000
1022 1022 4.00000000
297 1023 -1.00000000
298 1023 -1.00000000
635 1023 -1.00000000
793 1023 -1.00000000
1023 1023 4.00000000
294 1024 -1.00000000
300 1024 -1.00000000
629 1024 -1.00000000
790 1024 -1.00000000
1024 1024 4.00000000
297 1025 -1.00000000
302 1025 -1.00000000
631 1025 -1.00000000
791 1025 -1.00000000
1025 1025 4.00000000
1026 1026 1.00000000
1027 1027 1.00000000
1028 1028 1.00000000
1029 1029 1.00000000
276 1030 -1.00000000
316 1030 -1.00000000
617 1030 -1.00000000
784 1030 -1.00000000
1030 1030 4.00000000
279 1031 -1.00000000
318 1031 -1.00000000
619 1031 -1.00000000
785 1031 -1.00000000
1031 1031 4.00000000
252 1032 -1.00000000
320 1032 -1.00000000
601 1032 -1.00000000
776 1032 -1.00000000
1032 1032 4.00000000
255 1033 -1.00000000
322 1033 -1.00000000
603 1033 -1.00000000
777 1033 -1.00000000
1033 1033 4.00000000
258 1034 -1.00000000
324 1034 -1.00000000
605 1034 -1.00000000
778 1034 -1.00000000
1034 1034 4.00000000
261 1035 -1.00000000
326 1035 -1.00000000
607 1035 -1.00000000
779 1035 -1.00000000
1035 1035 4.00000000
264 1036 -1.00000000
328 1036 -1.00000000
609 1036 -1.00000000
780 1036 -1.00000000
1036 1036 4.00000000
267 1037 -1.00000000
330 1037 -1.00000000
611 1037 -1.00000000
781 1037 -1.00000000
1037 1037 4.00000000
270 1038 -1.00000000
332 1038 -1.00000000
613 1038 -1.00000000
782 1038 -1.00000000
1038 1038 4.00000000
273 1039 -1.00000000
334 1039 -1.00000000
615 1039 -1.00000000
783 1039 -1.00000000
1039 1039 4.00000000
169 1040 -1.00000000
529 1040 -1.00000000
744 1040 -1.00000000
1040 1040 4.00000000
172 1041 -1.00000000
532 1041 -1.00000000
745 1041 -1.00000000
1041 1041 4.00000000
174 1042 -1.00000000
175 1042 -1.00000000
535 1042 -1.00000000
746 1042 -1.00000000
1042 1042 4.00000000
177 1043 -1.00000000
178 1043 -1.00000000
537 1043 -1.00000000
747 1043 -1.00000000
1043 1043 4.00000000
181 1044 -1.00000000
539 1044 -1.00000000
748 1044 -1.00000000
1044 1044 4.00000000
184 1045 -1.00000000
542 1045 -1.00000000
749 1045 -1.00000000
1045 1045 4.00000000
186 1046 -1.00000000
187 1046 -1.00000000
545 1046 -1.00000000
750 1046 -1.00000000
1046 1046 4.00000000
189 1047 -1.00000000
190 1047 -1.00000000
547 1047 -1.00000000
751 1047 -1.00000000
1047 1047 4.00000000
192 1048 -1.00000000
193 1048 -1.00000000
549 1048 -1.00000000
752 1048 -1.00000000
1048 1048 4.00000000
195 1049 -1.00000000
196 1049 -1.00000000
551 1049 -1.00000000
753 1049 -1.00000000
1049 1049 4.00000000
198 1050 -1.00000000
199 1050 -1.00000000
553 1050 -1.00000000
754 1050 -1.00000000
1050 1050 4.00000000
201 1051 -1.00000000
202 1051 -1.00000000
555 1051 -1.00000000
755 1051 -1.00000000
1051 1051 4.00000000
204 1052 -1.00000000
205 1052 -1.00000000
557 1052 -1.00000000
756 1052 -1.00000000
1052 1052 4.00000000
207 1053 -1.00000000
208 1053 -1.00000000
559 1053 -1.00000000
757 1053 -1.00000000
1053 1053 4.00000000
210 1054 -1.00000000
211 1054 -1.00000000
561 1054 -1.00000000
758 1054 -1.00000000
1054 1054 4.00000000
213 1055 -1.00000000
214 1055 -1.00000000
563 1055 -1.00000000
759 1055 -1.00000000
1055 1055 4.00000000
217 1056 -1.00000000
565 1056 -1.00000000
760 1056 -1.00000000
1056 1056 4.00000000
220 1057 -1.00000000
568 1057 -1.00000000
761 1057 -1.00000000
1057 1057 4.00000000
186 1058 -1.00000000
222 1058 -1.00000000
571 1058 -1.00000000
762 1058 -1.00000000
1058 1058 4.00000000
189 1059 -1.00000000
224 1059 -1.00000000
573 1059 -1.00000000
763 1059 -1.00000000
1059 1059 4.00000000
227 1060 -1.00000000
575 1060 -1.00000000
764 1060 -1.00000000
1060 1060 4.00000000
230 1061 -1.00000000
578 1061 -1.00000000
765 1061 -1.00000000
1061 1061 4.00000000
174 1062 -1.00000000
232 1062 -1.00000000
581 1062 -1.00000000
766 1062 -1.00000000
1062 1062 4.00000000
177 1063 -1.00000000
234 1063 -1.00000000
583 1063 -1.00000000
767 1063 -1.00000000
1063 1063 4.00000000
192 1064 -1.00000000
236 1064 -1.00000000
585 1064 -1.00000000
768 1064 -1.00000000
1064 1064 4.00000000
195 1065 -1.00000000
238 1065 -1.00000000
587 1065 -1.00000000
769 1065 -1.00000000
1065 1065 4.00000000
198 1066 -1.00000000
240 1066 -1.00000000
589 1066 -1.00000000
770 1066 -1.00000000
1066 1066 4.00000000
201 1067 -1.00000000
242 1067 -1.00000000
591 1067 -1.00000000
771 1067 -1.00000000
1067 1067 4.00000000
204 1068 -1.00000000
244 1068 -1.00000000
593 1068 -1.00000000
772 1068 -1.00000000
1068 1068 4.00000000
207 1069 -1.00000000
246 1069 -1.00000000
595 1069 -1.00000000
773 1069 -1.00000000
1069 1069 4.00000000
210 1070 -1.00000000
248 1070 -1.00000000
597 1070 -1.00000000
774 1070 -1.00000000
1070 1070 4.00000000
213 1071 -1.00000000
250 1071 -1.00000000
599 1071 -1.00000000
775 1071 -1.00000000
1071 1071 4.00000000
1072 1072 1.00000000
1073 1073 1.00000000
1074 1074 1.00000000
1075 1075 1.00000000
1076 1076 1.00000000
1077 1077 1.00000000
1078 1078 1.00000000
1079 1079 1.00000000
1080 1080 1.00000000
1081 1081 1.00000000
1082 1082 1.00000000
1083 1083 1.00000000
1084 1084 1.00000000
1085 1085 1.00000000
1086 1086 1.00000000
1087 1087 1.00000000
1088 1088 1.00000000
1089 1089 1.00000000
