289 289 1129
1 1 1.00000000
2 2 4.00000000
107 2 -1.00000000
216 2 -1.00000000
3 3 1.00000000
4 4 1.00000000
5 5 4.00000000
106 5 -1.00000000
217 5 -1.00000000
6 6 1.00000000
7 7 4.00000000
9 7 -1.00000000
11 7 -1.00000000
256 7 -1.00000000
257 7 -1.00000000
8 8 4.00000000
9 8 -1.00000000
105 8 -1.00000000
218 8 -1.00000000
257 8 -1.00000000
7 9 -1.00000000
8 9 -1.00000000
9 9 4.00000000
142 9 -1.00000000
186 9 -1.00000000
10 10 4.00000000
11 10 -1.00000000
104 10 -1.00000000
219 10 -1.00000000
256 10 -1.00000000
7 11 -1.00000000
10 11 -1.00000000
11 11 4.00000000
144 11 -1.00000000
187 11 -1.00000000
12 12 1.00000000
13 13 4.00000000
110 13 -1.00000000
220 13 -1.00000000
262 13 -1.00000000
14 14 1.00000000
15 15 1.00000000
16 16 4.00000000
111 16 -1.00000000
221 16 -1.00000000
263 16 -1.00000000
17 17 1.00000000
18 18 1.00000000
19 19 4.00000000
20 19 -1.00000000
108 19 -1.00000000
222 19 -1.00000000
19 20 -1.00000000
20 20 4.00000000
152 20 -1.00000000
178 20 -1.00000000
21 21 1.00000000
22 22 4.00000000
23 22 -1.00000000
109 22 -1.00000000
223 22 -1.00000000
22 23 -1.00000000
23 23 4.00000000
154 23 -1.00000000
179 23 -1.00000000
24 24 4.00000000
26 24 -1.00000000
33 24 -1.00000000
248 24 -1.00000000
251 24 -1.00000000
25 25 4.00000000
26 25 -1.00000000
95 25 -1.00000000
224 25 -1.00000000
251 25 -1.00000000
24 26 -1.00000000
25 26 -1.00000000
26 26 4.00000000
156 26 -1.00000000
188 26 -1.00000000
27 27 4.00000000
29 27 -1.00000000
31 27 -1.00000000
249 27 -1.00000000
250 27 -1.00000000
28 28 4.00000000
29 28 -1.00000000
93 28 -1.00000000
225 28 -1.00000000
250 28 -1.00000000
27 29 -1.00000000
28 29 -1.00000000
29 29 4.00000000
158 29 -1.00000000
189 29 -1.00000000
30 30 4.00000000
31 30 -1.00000000
91 30 -1.00000000
226 30 -1.00000000
249 30 -1.00000000
27 31 -1.00000000
30 31 -1.00000000
31 31 4.00000000
160 31 -1.00000000
190 31 -1.00000000
32 32 4.00000000
33 32 -1.00000000
89 32 -1.00000000
227 32 -1.00000000
248 32 -1.00000000
24 33 -1.00000000
32 33 -1.00000000
33 33 4.00000000
162 33 -1.00000000
191 33 -1.00000000
34 34 4.00000000
36 34 -1.00000000
41 34 -1.00000000
252 34 -1.00000000
254 34 -1.00000000
35 35 4.00000000
36 35 -1.00000000
101 35 -1.00000000
228 35 -1.00000000
254 35 -1.00000000
34 36 -1.00000000
35 36 -1.00000000
36 36 4.00000000
164 36 -1.00000000
192 36 -1.00000000
37 37 4.00000000
39 37 -1.00000000
43 37 -1.00000000
253 37 -1.00000000
255 37 -1.00000000
38 38 4.00000000
39 38 -1.00000000
103 38 -1.00000000
229 38 -1.00000000
255 38 -1.00000000
37 39 -1.00000000
38 39 -1.00000000
39 39 4.00000000
166 39 -1.00000000
193 39 -1.00000000
40 40 4.00000000
41 40 -1.00000000
97 40 -1.00000000
230 40 -1.00000000
252 40 -1.00000000
34 41 -1.00000000
40 41 -1.00000000
41 41 4.00000000
168 41 -1.00000000
194 41 -1.00000000
42 42 4.00000000
43 42 -1.00000000
99 42 -1.00000000
231 42 -1.00000000
253 42 -1.00000000
37 43 -1.00000000
42 43 -1.00000000
43 43 4.00000000
170 43 -1.00000000
195 43 -1.00000000
44 44 1.00000000
45 45 4.00000000
128 45 -1.00000000
232 45 -1.00000000
272 45 -1.00000000
46 46 1.00000000
47 47 1.00000000
48 48 4.00000000
129 48 -1.00000000
233 48 -1.00000000
273 48 -1.00000000
49 49 1.00000000
50 50 4.00000000
52 50 -1.00000000
63 50 -1.00000000
274 50 -1.00000000
278 50 -1.00000000
51 51 4.00000000
52 51 -1.00000000
130 51 -1.00000000
234 51 -1.00000000
274 51 -1.00000000
50 52 -1.00000000
51 52 -1.00000000
52 52 4.00000000
152 52 -1.00000000
153 52 -1.00000000
53 53 4.00000000
55 53 -1.00000000
65 53 -1.00000000
275 53 -1.00000000
279 53 -1.00000000
54 54 4.00000000
55 54 -1.00000000
131 54 -1.00000000
235 54 -1.00000000
275 54 -1.00000000
53 55 -1.00000000
54 55 -1.00000000
55 55 4.00000000
154 55 -1.00000000
155 55 -1.00000000
56 56 1.00000000
57 57 4.00000000
132 57 -1.00000000
236 57 -1.00000000
276 57 -1.00000000
58 58 1.00000000
59 59 1.00000000
60 60 4.00000000
133 60 -1.00000000
237 60 -1.00000000
277 60 -1.00000000
61 61 1.00000000
62 62 4.00000000
63 62 -1.00000000
134 62 -1.00000000
238 62 -1.00000000
278 62 -1.00000000
50 63 -1.00000000
62 63 -1.00000000
63 63 4.00000000
142 63 -1.00000000
143 63 -1.00000000
64 64 4.00000000
65 64 -1.00000000
135 64 -1.00000000
239 64 -1.00000000
279 64 -1.00000000
53 65 -1.00000000
64 65 -1.00000000
65 65 4.00000000
144 65 -1.00000000
145 65 -1.00000000
66 66 4.00000000
68 66 -1.00000000
85 66 -1.00000000
264 66 -1.00000000
270 66 -1.00000000
67 67 4.00000000
68 67 -1.00000000
113 67 -1.00000000
240 67 -1.00000000
264 67 -1.00000000
66 68 -1.00000000
67 68 -1.00000000
68 68 4.00000000
156 68 -1.00000000
157 68 -1.00000000
69 69 4.00000000
71 69 -1.00000000
87 69 -1.00000000
265 69 -1.00000000
271 69 -1.00000000
70 70 4.00000000
71 70 -1.00000000
115 70 -1.00000000
241 70 -1.00000000
265 70 -1.00000000
69 71 -1.00000000
70 71 -1.00000000
71 71 4.00000000
158 71 -1.00000000
159 71 -1.00000000
72 72 1.00000000
73 73 4.00000000
74 73 -1.00000000
117 73 -1.00000000
242 73 -1.00000000
73 74 -1.00000000
74 74 4.00000000
160 74 -1.00000000
161 74 -1.00000000
75 75 1.00000000
76 76 4.00000000
77 76 -1.00000000
119 76 -1.00000000
243 76 -1.00000000
76 77 -1.00000000
77 77 4.00000000
162 77 -1.00000000
163 77 -1.00000000
78 78 1.00000000
79 79 4.00000000
80 79 -1.00000000
121 79 -1.00000000
244 79 -1.00000000
79 80 -1.00000000
80 80 4.00000000
164 80 -1.00000000
165 80 -1.00000000
81 81 1.00000000
82 82 4.00000000
83 82 -1.00000000
123 82 -1.00000000
245 82 -1.00000000
82 83 -1.00000000
83 83 4.00000000
166 83 -1.00000000
167 83 -1.00000000
84 84 4.00000000
85 84 -1.00000000
125 84 -1.00000000
246 84 -1.00000000
270 84 -1.00000000
66 85 -1.00000000
84 85 -1.00000000
85 85 4.00000000
168 85 -1.00000000
169 85 -1.00000000
86 86 4.00000000
87 86 -1.00000000
127 86 -1.00000000
247 86 -1.00000000
271 86 -1.00000000
69 87 -1.00000000
86 87 -1.00000000
87 87 4.00000000
170 87 -1.00000000
171 87 -1.00000000
88 88 4.00000000
89 88 -1.00000000
107 88 -1.00000000
216 88 -1.00000000
227 88 -1.00000000
32 89 -1.00000000
88 89 -1.00000000
89 89 4.00000000
137 89 -1.00000000
196 89 -1.00000000
90 90 4.00000000
91 90 -1.00000000
106 90 -1.00000000
217 90 -1.00000000
226 90 -1.00000000
30 91 -1.00000000
90 91 -1.00000000
91 91 4.00000000
140 91 -1.00000000
197 91 -1.00000000
92 92 4.00000000
93 92 -1.00000000
105 92 -1.00000000
218 92 -1.00000000
225 92 -1.00000000
28 93 -1.00000000
92 93 -1.00000000
93 93 4.00000000
143 93 -1.00000000
198 93 -1.00000000
94 94 4.00000000
95 94 -1.00000000
104 94 -1.00000000
219 94 -1.00000000
224 94 -1.00000000
25 95 -1.00000000
94 95 -1.00000000
95 95 4.00000000
145 95 -1.00000000
199 95 -1.00000000
96 96 4.00000000
97 96 -1.00000000
110 96 -1.00000000
220 96 -1.00000000
230 96 -1.00000000
40 97 -1.00000000
96 97 -1.00000000
97 97 4.00000000
147 97 -1.00000000
200 97 -1.00000000
98 98 4.00000000
99 98 -1.00000000
111 98 -1.00000000
221 98 -1.00000000
231 98 -1.00000000
42 99 -1.00000000
98 99 -1.00000000
99 99 4.00000000
150 99 -1.00000000
201 99 -1.00000000
100 100 4.00000000
101 100 -1.00000000
108 100 -1.00000000
222 100 -1.00000000
228 100 -1.00000000
35 101 -1.00000000
100 101 -1.00000000
101 101 4.00000000
153 101 -1.00000000
202 101 -1.00000000
102 102 4.00000000
103 102 -1.00000000
109 102 -1.00000000
223 102 -1.00000000
229 102 -1.00000000
38 103 -1.00000000
102 103 -1.00000000
103 103 4.00000000
155 103 -1.00000000
203 103 -1.00000000
10 104 -1.00000000
94 104 -1.00000000
104 104 4.00000000
157 104 -1.00000000
204 104 -1.00000000
8 105 -1.00000000
92 105 -1.00000000
105 105 4.00000000
159 105 -1.00000000
205 105 -1.00000000
5 106 -1.00000000
90 106 -1.00000000
106 106 4.00000000
161 106 -1.00000000
2 107 -1.00000000
88 107 -1.00000000
107 107 4.00000000
163 107 -1.00000000
19 108 -1.00000000
100 108 -1.00000000
108 108 4.00000000
165 108 -1.00000000
22 109 -1.00000000
102 109 -1.00000000
109 109 4.00000000
167 109 -1.00000000
13 110 -1.00000000
96 110 -1.00000000
110 110 4.00000000
169 110 -1.00000000
210 110 -1.00000000
16 111 -1.00000000
98 111 -1.00000000
111 111 4.00000000
171 111 -1.00000000
211 111 -1.00000000
112 112 4.00000000
113 112 -1.00000000
128 112 -1.00000000
232 112 -1.00000000
240 112 -1.00000000
67 113 -1.00000000
112 113 -1.00000000
113 113 4.00000000
173 113 -1.00000000
210 113 -1.00000000
114 114 4.00000000
115 114 -1.00000000
129 114 -1.00000000
233 114 -1.00000000
241 114 -1.00000000
70 115 -1.00000000
114 115 -1.00000000
115 115 4.00000000
176 115 -1.00000000
211 115 -1.00000000
116 116 4.00000000
117 116 -1.00000000
130 116 -1.00000000
234 116 -1.00000000
242 116 -1.00000000
73 117 -1.00000000
116 117 -1.00000000
117 117 4.00000000
178 117 -1.00000000
118 118 4.00000000
119 118 -1.00000000
131 118 -1.00000000
235 118 -1.00000000
243 118 -1.00000000
76 119 -1.00000000
118 119 -1.00000000
119 119 4.00000000
179 119 -1.00000000
120 120 4.00000000
121 120 -1.00000000
132 120 -1.00000000
236 120 -1.00000000
244 120 -1.00000000
79 121 -1.00000000
120 121 -1.00000000
121 121 4.00000000
181 121 -1.00000000
122 122 4.00000000
123 122 -1.00000000
133 122 -1.00000000
237 122 -1.00000000
245 122 -1.00000000
82 123 -1.00000000
122 123 -1.00000000
123 123 4.00000000
184 123 -1.00000000
124 124 4.00000000
125 124 -1.00000000
134 124 -1.00000000
238 124 -1.00000000
246 124 -1.00000000
84 125 -1.00000000
124 125 -1.00000000
125 125 4.00000000
186 125 -1.00000000
204 125 -1.00000000
126 126 4.00000000
127 126 -1.00000000
135 126 -1.00000000
239 126 -1.00000000
247 126 -1.00000000
86 127 -1.00000000
126 127 -1.00000000
127 127 4.00000000
187 127 -1.00000000
205 127 -1.00000000
45 128 -1.00000000
112 128 -1.00000000
128 128 4.00000000
188 128 -1.00000000
196 128 -1.00000000
48 129 -1.00000000
114 129 -1.00000000
129 129 4.00000000
189 129 -1.00000000
197 129 -1.00000000
51 130 -1.00000000
116 130 -1.00000000
130 130 4.00000000
190 130 -1.00000000
198 130 -1.00000000
54 131 -1.00000000
118 131 -1.00000000
131 131 4.00000000
191 131 -1.00000000
199 131 -1.00000000
57 132 -1.00000000
120 132 -1.00000000
132 132 4.00000000
192 132 -1.00000000
200 132 -1.00000000
60 133 -1.00000000
122 133 -1.00000000
133 133 4.00000000
193 133 -1.00000000
201 133 -1.00000000
62 134 -1.00000000
124 134 -1.00000000
134 134 4.00000000
194 134 -1.00000000
202 134 -1.00000000
64 135 -1.00000000
126 135 -1.00000000
135 135 4.00000000
195 135 -1.00000000
203 135 -1.00000000
136 136 1.00000000
89 137 -1.00000000
137 137 4.00000000
216 137 -1.00000000
272 137 -1.00000000
138 138 1.00000000
139 139 1.00000000
91 140 -1.00000000
140 140 4.00000000
217 140 -1.00000000
273 140 -1.00000000
141 141 1.00000000
9 142 -1.00000000
63 142 -1.00000000
142 142 4.00000000
218 142 -1.00000000
238 142 -1.00000000
63 143 -1.00000000
93 143 -1.00000000
143 143 4.00000000
218 143 -1.00000000
274 143 -1.00000000
11 144 -1.00000000
65 144 -1.00000000
144 144 4.00000000
219 144 -1.00000000
239 144 -1.00000000
65 145 -1.00000000
95 145 -1.00000000
145 145 4.00000000
219 145 -1.00000000
275 145 -1.00000000
146 146 1.00000000
97 147 -1.00000000
147 147 4.00000000
220 147 -1.00000000
276 147 -1.00000000
148 148 1.00000000
149 149 1.00000000
99 150 -1.00000000
150 150 4.00000000
221 150 -1.00000000
277 150 -1.00000000
151 151 1.00000000
20 152 -1.00000000
52 152 -1.00000000
152 152 4.00000000
222 152 -1.00000000
234 152 -1.00000000
52 153 -1.00000000
101 153 -1.00000000
153 153 4.00000000
222 153 -1.00000000
278 153 -1.00000000
23 154 -1.00000000
55 154 -1.00000000
154 154 4.00000000
223 154 -1.00000000
235 154 -1.00000000
55 155 -1.00000000
103 155 -1.00000000
155 155 4.00000000
223 155 -1.00000000
279 155 -1.00000000
26 156 -1.00000000
68 156 -1.00000000
156 156 4.00000000
224 156 -1.00000000
240 156 -1.00000000
68 157 -1.00000000
104 157 -1.00000000
157 157 4.00000000
224 157 -1.00000000
270 157 -1.00000000
29 158 -1.00000000
71 158 -1.00000000
158 158 4.00000000
225 158 -1.00000000
241 158 -1.00000000
71 159 -1.00000000
105 159 -1.00000000
159 159 4.00000000
225 159 -1.00000000
271 159 -1.00000000
31 160 -1.00000000
74 160 -1.00000000
160 160 4.00000000
226 160 -1.00000000
242 160 -1.00000000
74 161 -1.00000000
106 161 -1.00000000
161 161 4.00000000
226 161 -1.00000000
33 162 -1.00000000
77 162 -1.00000000
162 162 4.00000000
227 162 -1.00000000
243 162 -1.00000000
77 163 -1.00000000
107 163 -1.00000000
163 163 4.00000000
227 163 -1.00000000
36 164 -1.00000000
80 164 -1.00000000
164 164 4.00000000
228 164 -1.00000000
244 164 -1.00000000
80 165 -1.00000000
108 165 -1.00000000
165 165 4.00000000
228 165 -1.00000000
39 166 -1.00000000
83 166 -1.00000000
166 166 4.00000000
229 166 -1.00000000
245 166 -1.00000000
83 167 -1.00000000
109 167 -1.00000000
167 167 4.00000000
229 167 -1.00000000
41 168 -1.00000000
85 168 -1.00000000
168 168 4.00000000
230 168 -1.00000000
246 168 -1.00000000
85 169 -1.00000000
110 169 -1.00000000
169 169 4.00000000
230 169 -1.00000000
264 169 -1.00000000
43 170 -1.00000000
87 170 -1.00000000
170 170 4.00000000
231 170 -1.00000000
247 170 -1.00000000
87 171 -1.00000000
111 171 -1.00000000
171 171 4.00000000
231 171 -1.00000000
265 171 -1.00000000
172 172 1.00000000
113 173 -1.00000000
173 173 4.00000000
232 173 -1.00000000
262 173 -1.00000000
174 174 1.00000000
175 175 1.00000000
115 176 -1.00000000
176 176 4.00000000
233 176 -1.00000000
263 176 -1.00000000
177 177 1.00000000
20 178 -1.00000000
117 178 -1.00000000
178 178 4.00000000
234 178 -1.00000000
23 179 -1.00000000
119 179 -1.00000000
179 179 4.00000000
235 179 -1.00000000
180 180 1.00000000
121 181 -1.00000000
181 181 4.00000000
236 181 -1.00000000
182 182 1.00000000
183 183 1.00000000
123 184 -1.00000000
184 184 4.00000000
237 184 -1.00000000
185 185 1.00000000
9 186 -1.00000000
125 186 -1.00000000
186 186 4.00000000
238 186 -1.00000000
256 186 -1.00000000
11 187 -1.00000000
127 187 -1.00000000
187 187 4.00000000
239 187 -1.00000000
257 187 -1.00000000
26 188 -1.00000000
128 188 -1.00000000
188 188 4.00000000
240 188 -1.00000000
248 188 -1.00000000
29 189 -1.00000000
129 189 -1.00000000
189 189 4.00000000
241 189 -1.00000000
249 189 -1.00000000
31 190 -1.00000000
130 190 -1.00000000
190 190 4.00000000
242 190 -1.00000000
250 190 -1.00000000
33 191 -1.00000000
131 191 -1.00000000
191 191 4.00000000
243 191 -1.00000000
251 191 -1.00000000
36 192 -1.00000000
132 192 -1.00000000
192 192 4.00000000
244 192 -1.00000000
252 192 -1.00000000
39 193 -1.00000000
133 193 -1.00000000
193 193 4.00000000
245 193 -1.00000000
253 193 -1.00000000
41 194 -1.00000000
134 194 -1.00000000
194 194 4.00000000
246 194 -1.00000000
254 194 -1.00000000
43 195 -1.00000000
135 195 -1.00000000
195 195 4.00000000
247 195 -1.00000000
255 195 -1.00000000
89 196 -1.00000000
128 196 -1.00000000
196 196 4.00000000
248 196 -1.00000000
272 196 -1.00000000
91 197 -1.00000000
129 197 -1.00000000
197 197 4.00000000
249 197 -1.00000000
273 197 -1.00000000
93 198 -1.00000000
130 198 -1.00000000
198 198 4.00000000
250 198 -1.00000000
274 198 -1.00000000
95 199 -1.00000000
131 199 -1.00000000
199 199 4.00000000
251 199 -1.00000000
275 199 -1.00000000
97 200 -1.00000000
132 200 -1.00000000
200 200 4.00000000
252 200 -1.00000000
276 200 -1.00000000
99 201 -1.00000000
133 201 -1.00000000
201 201 4.00000000
253 201 -1.00000000
277 201 -1.00000000
101 202 -1.00000000
134 202 -1.00000000
202 202 4.00000000
254 202 -1.00000000
278 202 -1.00000000
103 203 -1.00000000
135 203 -1.00000000
203 203 4.00000000
255 203 -1.00000000
279 203 -1.00000000
104 204 -1.00000000
125 204 -1.00000000
204 204 4.00000000
256 204 -1.00000000
270 204 -1.00000000
105 205 -1.00000000
127 205 -1.00000000
205 205 4.00000000
257 205 -1.00000000
271 205 -1.00000000
206 206 1.00000000
207 207 1.00000000
208 208 1.00000000
209 209 1.00000000
110 210 -1.00000000
113 210 -1.00000000
210 210 4.00000000
262 210 -1.00000000
264 210 -1.00000000
111 211 -1.00000000
115 211 -1.00000000
211 211 4.00000000
263 211 -1.00000000
265 211 -1.00000000
212 212 1.00000000
213 213 1.00000000
214 214 1.00000000
215 215 1.00000000
2 216 -1.00000000
88 216 -1.00000000
137 216 -1.00000000
216 216 4.00000000
5 217 -1.00000000
90 217 -1.00000000
140 217 -1.00000000
217 217 4.00000000
8 218 -1.00000000
92 218 -1.00000000
142 218 -1.00000000
143 218 -1.00000000
218 218 4.00000000
10 219 -1.00000000
94 219 -1.00000000
144 219 -1.00000000
145 219 -1.00000000
219 219 4.00000000
13 220 -1.00000000
96 220 -1.00000000
147 220 -1.00000000
220 220 4.00000000
16 221 -1.00000000
98 221 -1.00000000
150 221 -1.00000000
221 221 4.00000000
19 222 -1.00000000
100 222 -1.00000000
152 222 -1.00000000
153 222 -1.00000000
222 222 4.00000000
22 223 -1.00000000
102 223 -1.00000000
154 223 -1.00000000
155 223 -1.00000000
223 223 4.00000000
25 224 -1.00000000
94 224 -1.00000000
156 224 -1.00000000
157 224 -1.00000000
224 224 4.00000000
28 225 -1.00000000
92 225 -1.00000000
158 225 -1.00000000
159 225 -1.00000000
225 225 4.00000000
30 226 -1.00000000
90 226 -1.00000000
160 226 -1.00000000
161 226 -1.00000000
226 226 4.00000000
32 227 -1.00000000
88 227 -1.00000000
162 227 -1.00000000
163 227 -1.00000000
227 227 4.00000000
35 228 -1.00000000
100 228 -1.00000000
164 228 -1.00000000
165 228 -1.00000000
228 228 4.00000000
38 229 -1.00000000
102 229 -1.00000000
166 229 -1.00000000
167 229 -1.00000000
229 229 4.00000000
40 230 -1.00000000
96 230 -1.00000000
168 230 -1.00000000
169 230 -1.00000000
230 230 4.00000000
42 231 -1.00000000
98 231 -1.00000000
170 231 -1.00000000
171 231 -1.00000000
231 231 4.00000000
45 232 -1.00000000
112 232 -1.00000000
173 232 -1.00000000
232 232 4.00000000
48 233 -1.00000000
114 233 -1.00000000
176 233 -1.00000000
233 233 4.00000000
51 234 -1.00000000
116 234 -1.00000000
152 234 -1.00000000
178 234 -1.00000000
234 234 4.00000000
54 235 -1.00000000
118 235 -1.00000000
154 235 -1.00000000
179 235 -1.00000000
235 235 4.00000000
57 236 -1.00000000
120 236 -1.00000000
181 236 -1.00000000
236 236 4.00000000
60 237 -1.00000000
122 237 -1.00000000
184 237 -1.00000000
237 237 4.00000000
62 238 -1.00000000
124 238 -1.00000000
142 238 -1.00000000
186 238 -1.00000000
238 238 4.00000000
64 239 -1.00000000
126 239 -1.00000000
144 239 -1.00000000
187 239 -1.00000000
239 239 4.00000000
67 240 -1.00000000
112 240 -1.00000000
156 240 -1.00000000
188 240 -1.00000000
240 240 4.00000000
70 241 -1.00000000
114 241 -1.00000000
158 241 -1.00000000
189 241 -1.00000000
241 241 4.00000000
73 242 -1.00000000
116 242 -1.00000000
160 242 -1.00000000
190 242 -1.00000000
242 242 4.00000000
76 243 -1.00000000
118 243 -1.00000000
162 243 -1.00000000
191 243 -1.00000000
243 243 4.00000000
79 244 -1.00000000
120 244 -1.00000000
164 244 -1.00000000
192 244 -1.00000000
244 244 4.00000000
82 245 -1.00000000
122 245 -1.00000000
166 245 -1.00000000
193 245 -1.00000000
245 245 4.00000000
84 246 -1.00000000
124 246 -1.00000000
168 246 -1.00000000
194 246 -1.00000000
246 246 4.00000000
86 247 -1.00000000
126 247 -1.00000000
170 247 -1.00000000
195 247 -1.00000000
247 247 4.00000000
24 248 -1.00000000
32 248 -1.00000000
188 248 -1.00000000
196 248 -1.00000000
248 248 4.00000000
27 249 -1.00000000
30 249 -1.00000000
189 249 -1.00000000
197 249 -1.00000000
249 249 4.00000000
27 250 -1.00000000
28 250 -1.00000000
190 250 -1.00000000
198 250 -1.00000000
250 250 4.00000000
24 251 -1.00000000
25 251 -1.00000000
191 251 -1.00000000
199 251 -1.00000000
251 251 4.00000000
34 252 -1.00000000
40 252 -1.00000000
192 252 -1.00000000
200 252 -1.00000000
252 252 4.00000000
37 253 -1.00000000
42 253 -1.00000000
193 253 -1.00000000
201 253 -1.00000000
253 253 4.00000000
34 254 -1.00000000
35 254 -1.00000000
194 254 -1.00000000
202 254 -1.00000000
254 254 4.00000000
37 255 -1.00000000
38 255 -1.00000000
195 255 -1.00000000
203 255 -1.00000000
255 255 4.00000000
7 256 -1.00000000
10 256 -1.00000000
186 256 -1.00000000
204 256 -1.00000000
256 256 4.00000000
7 257 -1.00000000
8 257 -1.00000000
187 257 -1.00000000
205 257 -1.00000000
257 257 4.00000000
258 258 1.00000000
259 259 1.00000000
260 260 1.00000000
261 261 1.00000000
13 262 -1.00000000
173 262 -1.00000000
210 262 -1.00000000
262 262 4.00000000
16 263 -1.00000000
176 263 -1.00000000
211 263 -1.00000000
263 263 4.00000000
66 264 -1.00000000
67 264 -1.00000000
169 264 -1.00000000
210 264 -1.00000000
264 264 4.00000000
69 265 -1.00000000
70 265 -1.00000000
171 265 -1.00000000
211 265 -1.00000000
265 265 4.00000000
266 266 1.00000000
267 267 1.00000000
268 268 1.00000000
269 269 1.00000000
66 270 -1.00000000
84 270 -1.00000000
157 270 -1.00000000
204 270 -1.00000000
270 270 4.00000000
69 271 -1.00000000
86 271 -1.00000000
159 271 -1.00000000
205 271 -1.00000000
271 271 4.00000000
45 272 -1.00000000
137 272 -1.00000000
196 272 -1.00000000
272 272 4.00000000
48 273 -1.00000000
140 273 -1.00000000
197 273 -1.00000000
273 273 4.00000000
50 274 -1.00000000
51 274 -1.00000000
143 274 -1.00000000
198 274 -1.00000000
274 274 4.00000000
53 275 -1.00000000
54 275 -1.00000000
145 275 -1.00000000
199 275 -1.00000000
275 275 4.00000000
57 276 -1.00000000
147 276 -1.00000000
200 276 -1.00000000
276 276 4.00000000
60 277 -1.00000000
150 277 -1.00000000
201 277 -1.00000000
277 277 4.00000000
50 278 -1.00000000
62 278 -1.00000000
153 278 -1.00000000
202 278 -1.00000000
278 278 4.00000000
53 279 -1.00000000
64 279 -1.00000000
155 279 -1.00000000
203 279 -1.00000000
279 279 4.00000000
280 280 1.00000000
281 281 1.00000000
282 282 1.00000000
283 283 1.00000000
284 284 1.00000000
285 285 1.00000000
286 286 1.00000000
287 287 1.00000000
288 288 1.00000000
289 289 1.00000000
