25 25 49
1 1 1.00000000
2 2 4.00000000
9 2 -1.00000000
18 2 -1.00000000
3 3 1.00000000
4 4 1.00000000
5 5 4.00000000
8 5 -1.00000000
19 5 -1.00000000
6 6 1.00000000
7 7 4.00000000
8 7 -1.00000000
9 7 -1.00000000
18 7 -1.00000000
19 7 -1.00000000
5 8 -1.00000000
7 8 -1.00000000
8 8 4.00000000
11 8 -1.00000000
2 9 -1.00000000
7 9 -1.00000000
9 9 4.00000000
14 9 -1.00000000
10 10 1.00000000
8 11 -1.00000000
11 11 4.00000000
18 11 -1.00000000
12 12 1.00000000
13 13 1.00000000
9 14 -1.00000000
14 14 4.00000000
19 14 -1.00000000
15 15 1.00000000
16 16 1.00000000
17 17 1.00000000
2 18 -1.00000000
7 18 -1.00000000
11 18 -1.00000000
18 18 4.00000000
5 19 -1.00000000
7 19 -1.00000000
14 19 -1.00000000
19 19 4.00000000
20 20 1.00000000
21 21 1.00000000
22 22 1.00000000
23 23 1.00000000
24 24 1.00000000
25 25 1.00000000
