289 289 1297
1 1 1.00000000
2 2 4.00000000
29 2 0.33333333
60 2 0.33333333
83 2 -1.33333333
116 2 -1.33333333
179 2 -1.33333333
201 2 -1.33333333
3 3 1.00000000
4 4 1.00000000
5 5 4.00000000
28 5 0.33333333
61 5 0.33333333
86 5 -1.33333333
113 5 -1.33333333
181 5 -1.33333333
199 5 -1.33333333
6 6 1.00000000
7 7 4.00000000
9 7 0.33333333
11 7 0.33333333
68 7 0.33333333
69 7 0.33333333
90 7 -1.33333333
93 7 -1.33333333
194 7 -1.33333333
196 7 -1.33333333
8 8 4.00000000
9 8 0.33333333
27 8 0.33333333
62 8 0.33333333
69 8 0.33333333
89 8 -1.33333333
110 8 -1.33333333
183 8 -1.33333333
197 8 -1.33333333
7 9 0.33333333
8 9 0.33333333
9 9 4.00000000
42 9 0.33333333
52 9 0.33333333
89 9 -1.33333333
90 9 -1.33333333
149 9 -1.33333333
150 9 -1.33333333
10 10 4.00000000
11 10 0.33333333
25 10 0.33333333
63 10 0.33333333
68 10 0.33333333
92 10 -1.33333333
107 10 -1.33333333
185 10 -1.33333333
195 10 -1.33333333
7 11 0.33333333
10 11 0.33333333
11 11 4.00000000
44 11 0.33333333
53 11 0.33333333
92 11 -1.33333333
93 11 -1.33333333
152 11 -1.33333333
153 11 -1.33333333
12 12 1.00000000
13 13 4.00000000
34 13 0.33333333
64 13 0.33333333
74 13 0.33333333
95 13 -1.33333333
125 13 -1.33333333
187 13 -1.33333333
207 13 -1.33333333
14 14 1.00000000
15 15 1.00000000
16 16 4.00000000
35 16 0.33333333
65 16 0.33333333
75 16 0.33333333
98 16 -1.33333333
128 16 -1.33333333
189 16 -1.33333333
209 16 -1.33333333
17 17 1.00000000
18 18 1.00000000
19 19 4.00000000
20 19 0.33333333
31 19 0.33333333
66 19 0.33333333
101 19 -1.33333333
119 19 -1.33333333
191 19 -1.33333333
203 19 -1.33333333
19 20 0.33333333
20 20 4.00000000
42 20 0.33333333
43 20 0.33333333
101 20 -1.33333333
102 20 -1.33333333
137 20 -1.33333333
138 20 -1.33333333
21 21 1.00000000
22 22 4.00000000
23 22 0.33333333
33 22 0.33333333
67 22 0.33333333
104 22 -1.33333333
122 22 -1.33333333
193 22 -1.33333333
205 22 -1.33333333
22 23 0.33333333
23 23 4.00000000
44 23 0.33333333
45 23 0.33333333
104 23 -1.33333333
105 23 -1.33333333
140 23 -1.33333333
141 23 -1.33333333
24 24 4.00000000
25 24 0.33333333
29 24 0.33333333
60 24 0.33333333
63 24 0.33333333
108 24 -1.33333333
117 24 -1.33333333
178 24 -1.33333333
184 24 -1.33333333
10 25 0.33333333
24 25 0.33333333
25 25 4.00000000
37 25 0.33333333
54 25 0.33333333
107 25 -1.33333333
108 25 -1.33333333
155 25 -1.33333333
156 25 -1.33333333
26 26 4.00000000
27 26 0.33333333
28 26 0.33333333
61 26 0.33333333
62 26 0.33333333
111 26 -1.33333333
114 26 -1.33333333
180 26 -1.33333333
182 26 -1.33333333
8 27 0.33333333
26 27 0.33333333
27 27 4.00000000
40 27 0.33333333
55 27 0.33333333
110 27 -1.33333333
111 27 -1.33333333
158 27 -1.33333333
159 27 -1.33333333
5 28 0.33333333
26 28 0.33333333
28 28 4.00000000
43 28 0.33333333
113 28 -1.33333333
114 28 -1.33333333
161 28 -1.33333333
162 28 -1.33333333
2 29 0.33333333
24 29 0.33333333
29 29 4.00000000
45 29 0.33333333
116 29 -1.33333333
117 29 -1.33333333
164 29 -1.33333333
165 29 -1.33333333
30 30 4.00000000
31 30 0.33333333
34 30 0.33333333
64 30 0.33333333
66 30 0.33333333
120 30 -1.33333333
126 30 -1.33333333
186 30 -1.33333333
190 30 -1.33333333
19 31 0.33333333
30 31 0.33333333
31 31 4.00000000
47 31 0.33333333
119 31 -1.33333333
120 31 -1.33333333
167 31 -1.33333333
168 31 -1.33333333
32 32 4.00000000
33 32 0.33333333
35 32 0.33333333
65 32 0.33333333
67 32 0.33333333
123 32 -1.33333333
129 32 -1.33333333
188 32 -1.33333333
192 32 -1.33333333
22 33 0.33333333
32 33 0.33333333
33 33 4.00000000
50 33 0.33333333
122 33 -1.33333333
123 33 -1.33333333
170 33 -1.33333333
171 33 -1.33333333
13 34 0.33333333
30 34 0.33333333
34 34 4.00000000
52 34 0.33333333
54 34 0.33333333
125 34 -1.33333333
126 34 -1.33333333
173 34 -1.33333333
174 34 -1.33333333
16 35 0.33333333
32 35 0.33333333
35 35 4.00000000
53 35 0.33333333
55 35 0.33333333
128 35 -1.33333333
129 35 -1.33333333
176 35 -1.33333333
177 35 -1.33333333
36 36 1.00000000
25 37 0.33333333
37 37 4.00000000
60 37 0.33333333
74 37 0.33333333
131 37 -1.33333333
155 37 -1.33333333
211 37 -1.33333333
227 37 -1.33333333
38 38 1.00000000
39 39 1.00000000
27 40 0.33333333
40 40 4.00000000
61 40 0.33333333
75 40 0.33333333
134 40 -1.33333333
158 40 -1.33333333
213 40 -1.33333333
229 40 -1.33333333
41 41 1.00000000
9 42 0.33333333
20 42 0.33333333
42 42 4.00000000
62 42 0.33333333
66 42 0.33333333
138 42 -1.33333333
150 42 -1.33333333
230 42 -1.33333333
238 42 -1.33333333
20 43 0.33333333
28 43 0.33333333
43 43 4.00000000
62 43 0.33333333
137 43 -1.33333333
161 43 -1.33333333
215 43 -1.33333333
231 43 -1.33333333
11 44 0.33333333
23 44 0.33333333
44 44 4.00000000
63 44 0.33333333
67 44 0.33333333
141 44 -1.33333333
153 44 -1.33333333
232 44 -1.33333333
240 44 -1.33333333
23 45 0.33333333
29 45 0.33333333
45 45 4.00000000
63 45 0.33333333
140 45 -1.33333333
164 45 -1.33333333
217 45 -1.33333333
233 45 -1.33333333
46 46 1.00000000
31 47 0.33333333
47 47 4.00000000
64 47 0.33333333
143 47 -1.33333333
167 47 -1.33333333
219 47 -1.33333333
235 47 -1.33333333
48 48 1.00000000
49 49 1.00000000
33 50 0.33333333
50 50 4.00000000
65 50 0.33333333
146 50 -1.33333333
170 50 -1.33333333
221 50 -1.33333333
237 50 -1.33333333
51 51 1.00000000
9 52 0.33333333
34 52 0.33333333
52 52 4.00000000
66 52 0.33333333
68 52 0.33333333
149 52 -1.33333333
173 52 -1.33333333
223 52 -1.33333333
239 52 -1.33333333
11 53 0.33333333
35 53 0.33333333
53 53 4.00000000
67 53 0.33333333
69 53 0.33333333
152 53 -1.33333333
176 53 -1.33333333
225 53 -1.33333333
241 53 -1.33333333
25 54 0.33333333
34 54 0.33333333
54 54 4.00000000
68 54 0.33333333
74 54 0.33333333
156 54 -1.33333333
174 54 -1.33333333
210 54 -1.33333333
222 54 -1.33333333
27 55 0.33333333
35 55 0.33333333
55 55 4.00000000
69 55 0.33333333
75 55 0.33333333
159 55 -1.33333333
177 55 -1.33333333
212 55 -1.33333333
224 55 -1.33333333
56 56 1.00000000
57 57 1.00000000
58 58 1.00000000
59 59 1.00000000
2 60 0.33333333
24 60 0.33333333
37 60 0.33333333
60 60 4.00000000
178 60 -1.33333333
179 60 -1.33333333
226 60 -1.33333333
227 60 -1.33333333
5 61 0.33333333
26 61 0.33333333
40 61 0.33333333
61 61 4.00000000
180 61 -1.33333333
181 61 -1.33333333
228 61 -1.33333333
229 61 -1.33333333
8 62 0.33333333
26 62 0.33333333
42 62 0.33333333
43 62 0.33333333
62 62 4.00000000
182 62 -1.33333333
183 62 -1.33333333
230 62 -1.33333333
231 62 -1.33333333
10 63 0.33333333
24 63 0.33333333
44 63 0.33333333
45 63 0.33333333
63 63 4.00000000
184 63 -1.33333333
185 63 -1.33333333
232 63 -1.33333333
233 63 -1.33333333
13 64 0.33333333
30 64 0.33333333
47 64 0.33333333
64 64 4.00000000
186 64 -1.33333333
187 64 -1.33333333
234 64 -1.33333333
235 64 -1.33333333
16 65 0.33333333
32 65 0.33333333
50 65 0.33333333
65 65 4.00000000
188 65 -1.33333333
189 65 -1.33333333
236 65 -1.33333333
237 65 -1.33333333
19 66 0.33333333
30 66 0.33333333
42 66 0.33333333
52 66 0.33333333
66 66 4.00000000
190 66 -1.33333333
191 66 -1.33333333
238 66 -1.33333333
239 66 -1.33333333
22 67 0.33333333
32 67 0.33333333
44 67 0.33333333
53 67 0.33333333
67 67 4.00000000
192 67 -1.33333333
193 67 -1.33333333
240 67 -1.33333333
241 67 -1.33333333
7 68 0.33333333
10 68 0.33333333
52 68 0.33333333
54 68 0.33333333
68 68 4.00000000
194 68 -1.33333333
195 68 -1.33333333
222 68 -1.33333333
223 68 -1.33333333
7 69 0.33333333
8 69 0.33333333
53 69 0.33333333
55 69 0.33333333
69 69 4.00000000
196 69 -1.33333333
197 69 -1.33333333
224 69 -1.33333333
225 69 -1.33333333
70 70 1.00000000
71 71 1.00000000
72 72 1.00000000
73 73 1.00000000
13 74 0.33333333
37 74 0.33333333
54 74 0.33333333
74 74 4.00000000
206 74 -1.33333333
207 74 -1.33333333
210 74 -1.33333333
211 74 -1.33333333
16 75 0.33333333
40 75 0.33333333
55 75 0.33333333
75 75 4.00000000
208 75 -1.33333333
209 75 -1.33333333
212 75 -1.33333333
213 75 -1.33333333
76 76 1.00000000
77 77 1.00000000
78 78 1.00000000
79 79 1.00000000
80 80 1.00000000
81 81 1.00000000
82 82 5.33333333
83 82 -1.33333333
201 82 -1.33333333
2 83 -1.33333333
82 83 -1.33333333
83 83 5.33333333
243 83 -1.33333333
84 84 1.00000000
85 85 5.33333333
86 85 -1.33333333
199 85 -1.33333333
5 86 -1.33333333
85 86 -1.33333333
86 86 5.33333333
245 86 -1.33333333
87 87 1.00000000
88 88 5.33333333
89 88 -1.33333333
90 88 -1.33333333
196 88 -1.33333333
197 88 -1.33333333
8 89 -1.33333333
9 89 -1.33333333
88 89 -1.33333333
89 89 5.33333333
246 89 -1.33333333
7 90 -1.33333333
9 90 -1.33333333
88 90 -1.33333333
90 90 5.33333333
280 90 -1.33333333
91 91 5.33333333
92 91 -1.33333333
93 91 -1.33333333
194 91 -1.33333333
195 91 -1.33333333
10 92 -1.33333333
11 92 -1.33333333
91 92 -1.33333333
92 92 5.33333333
247 92 -1.33333333
7 93 -1.33333333
11 93 -1.33333333
91 93 -1.33333333
93 93 5.33333333
281 93 -1.33333333
94 94 5.33333333
95 94 -1.33333333
206 94 -1.33333333
207 94 -1.33333333
13 95 -1.33333333
94 95 -1.33333333
95 95 5.33333333
249 95 -1.33333333
96 96 1.00000000
97 97 5.33333333
98 97 -1.33333333
208 97 -1.33333333
209 97 -1.33333333
16 98 -1.33333333
97 98 -1.33333333
98 98 5.33333333
251 98 -1.33333333
99 99 1.00000000
100 100 5.33333333
101 100 -1.33333333
102 100 -1.33333333
203 100 -1.33333333
19 101 -1.33333333
20 101 -1.33333333
100 101 -1.33333333
101 101 5.33333333
252 101 -1.33333333
20 102 -1.33333333
100 102 -1.33333333
102 102 5.33333333
270 102 -1.33333333
103 103 5.33333333
104 103 -1.33333333
105 103 -1.33333333
205 103 -1.33333333
22 104 -1.33333333
23 104 -1.33333333
103 104 -1.33333333
104 104 5.33333333
253 104 -1.33333333
23 105 -1.33333333
103 105 -1.33333333
105 105 5.33333333
272 105 -1.33333333
106 106 5.33333333
107 106 -1.33333333
108 106 -1.33333333
184 106 -1.33333333
185 106 -1.33333333
10 107 -1.33333333
25 107 -1.33333333
106 107 -1.33333333
107 107 5.33333333
254 107 -1.33333333
24 108 -1.33333333
25 108 -1.33333333
106 108 -1.33333333
108 108 5.33333333
282 108 -1.33333333
109 109 5.33333333
110 109 -1.33333333
111 109 -1.33333333
182 109 -1.33333333
183 109 -1.33333333
8 110 -1.33333333
27 110 -1.33333333
109 110 -1.33333333
110 110 5.33333333
255 110 -1.33333333
26 111 -1.33333333
27 111 -1.33333333
109 111 -1.33333333
111 111 5.33333333
283 111 -1.33333333
112 112 5.33333333
113 112 -1.33333333
114 112 -1.33333333
180 112 -1.33333333
181 112 -1.33333333
5 113 -1.33333333
28 113 -1.33333333
112 113 -1.33333333
113 113 5.33333333
256 113 -1.33333333
26 114 -1.33333333
28 114 -1.33333333
112 114 -1.33333333
114 114 5.33333333
284 114 -1.33333333
115 115 5.33333333
116 115 -1.33333333
117 115 -1.33333333
178 115 -1.33333333
179 115 -1.33333333
2 116 -1.33333333
29 116 -1.33333333
115 116 -1.33333333
116 116 5.33333333
258 116 -1.33333333
24 117 -1.33333333
29 117 -1.33333333
115 117 -1.33333333
117 117 5.33333333
285 117 -1.33333333
118 118 5.33333333
119 118 -1.33333333
120 118 -1.33333333
190 118 -1.33333333
191 118 -1.33333333
19 119 -1.33333333
31 119 -1.33333333
118 119 -1.33333333
119 119 5.33333333
260 119 -1.33333333
30 120 -1.33333333
31 120 -1.33333333
118 120 -1.33333333
120 120 5.33333333
286 120 -1.33333333
121 121 5.33333333
122 121 -1.33333333
123 121 -1.33333333
192 121 -1.33333333
193 121 -1.33333333
22 122 -1.33333333
33 122 -1.33333333
121 122 -1.33333333
122 122 5.33333333
262 122 -1.33333333
32 123 -1.33333333
33 123 -1.33333333
121 123 -1.33333333
123 123 5.33333333
287 123 -1.33333333
124 124 5.33333333
125 124 -1.33333333
126 124 -1.33333333
186 124 -1.33333333
187 124 -1.33333333
13 125 -1.33333333
34 125 -1.33333333
124 125 -1.33333333
125 125 5.33333333
264 125 -1.33333333
30 126 -1.33333333
34 126 -1.33333333
124 126 -1.33333333
126 126 5.33333333
288 126 -1.33333333
127 127 5.33333333
128 127 -1.33333333
129 127 -1.33333333
188 127 -1.33333333
189 127 -1.33333333
16 128 -1.33333333
35 128 -1.33333333
127 128 -1.33333333
128 128 5.33333333
265 128 -1.33333333
32 129 -1.33333333
35 129 -1.33333333
127 129 -1.33333333
129 129 5.33333333
289 129 -1.33333333
130 130 5.33333333
131 130 -1.33333333
226 130 -1.33333333
227 130 -1.33333333
37 131 -1.33333333
130 131 -1.33333333
131 131 5.33333333
267 131 -1.33333333
132 132 1.00000000
133 133 5.33333333
134 133 -1.33333333
228 133 -1.33333333
229 133 -1.33333333
40 134 -1.33333333
133 134 -1.33333333
134 134 5.33333333
269 134 -1.33333333
135 135 1.00000000
136 136 5.33333333
137 136 -1.33333333
138 136 -1.33333333
230 136 -1.33333333
231 136 -1.33333333
20 137 -1.33333333
43 137 -1.33333333
136 137 -1.33333333
137 137 5.33333333
270 137 -1.33333333
20 138 -1.33333333
42 138 -1.33333333
136 138 -1.33333333
138 138 5.33333333
252 138 -1.33333333
139 139 5.33333333
140 139 -1.33333333
141 139 -1.33333333
232 139 -1.33333333
233 139 -1.33333333
23 140 -1.33333333
45 140 -1.33333333
139 140 -1.33333333
140 140 5.33333333
272 140 -1.33333333
23 141 -1.33333333
44 141 -1.33333333
139 141 -1.33333333
141 141 5.33333333
253 141 -1.33333333
142 142 5.33333333
143 142 -1.33333333
234 142 -1.33333333
235 142 -1.33333333
47 143 -1.33333333
142 143 -1.33333333
143 143 5.33333333
275 143 -1.33333333
144 144 1.00000000
145 145 5.33333333
146 145 -1.33333333
236 145 -1.33333333
237 145 -1.33333333
50 146 -1.33333333
145 146 -1.33333333
146 146 5.33333333
278 146 -1.33333333
147 147 1.00000000
148 148 5.33333333
149 148 -1.33333333
150 148 -1.33333333
238 148 -1.33333333
239 148 -1.33333333
9 149 -1.33333333
52 149 -1.33333333
148 149 -1.33333333
149 149 5.33333333
280 149 -1.33333333
9 150 -1.33333333
42 150 -1.33333333
148 150 -1.33333333
150 150 5.33333333
246 150 -1.33333333
151 151 5.33333333
152 151 -1.33333333
153 151 -1.33333333
240 151 -1.33333333
241 151 -1.33333333
11 152 -1.33333333
53 152 -1.33333333
151 152 -1.33333333
152 152 5.33333333
281 152 -1.33333333
11 153 -1.33333333
44 153 -1.33333333
151 153 -1.33333333
153 153 5.33333333
247 153 -1.33333333
154 154 5.33333333
155 154 -1.33333333
156 154 -1.33333333
210 154 -1.33333333
211 154 -1.33333333
25 155 -1.33333333
37 155 -1.33333333
154 155 -1.33333333
155 155 5.33333333
282 155 -1.33333333
25 156 -1.33333333
54 156 -1.33333333
154 156 -1.33333333
156 156 5.33333333
254 156 -1.33333333
157 157 5.33333333
158 157 -1.33333333
159 157 -1.33333333
212 157 -1.33333333
213 157 -1.33333333
27 158 -1.33333333
40 158 -1.33333333
157 158 -1.33333333
158 158 5.33333333
283 158 -1.33333333
27 159 -1.33333333
55 159 -1.33333333
157 159 -1.33333333
159 159 5.33333333
255 159 -1.33333333
160 160 5.33333333
161 160 -1.33333333
162 160 -1.33333333
215 160 -1.33333333
28 161 -1.33333333
43 161 -1.33333333
160 161 -1.33333333
161 161 5.33333333
284 161 -1.33333333
28 162 -1.33333333
160 162 -1.33333333
162 162 5.33333333
256 162 -1.33333333
163 163 5.33333333
164 163 -1.33333333
165 163 -1.33333333
217 163 -1.33333333
29 164 -1.33333333
45 164 -1.33333333
163 164 -1.33333333
164 164 5.33333333
285 164 -1.33333333
29 165 -1.33333333
163 165 -1.33333333
165 165 5.33333333
258 165 -1.33333333
166 166 5.33333333
167 166 -1.33333333
168 166 -1.33333333
219 166 -1.33333333
31 167 -1.33333333
47 167 -1.33333333
166 167 -1.33333333
167 167 5.33333333
286 167 -1.33333333
31 168 -1.33333333
166 168 -1.33333333
168 168 5.33333333
260 168 -1.33333333
169 169 5.33333333
170 169 -1.33333333
171 169 -1.33333333
221 169 -1.33333333
33 170 -1.33333333
50 170 -1.33333333
169 170 -1.33333333
170 170 5.33333333
287 170 -1.33333333
33 171 -1.33333333
169 171 -1.33333333
171 171 5.33333333
262 171 -1.33333333
172 172 5.33333333
173 172 -1.33333333
174 172 -1.33333333
222 172 -1.33333333
223 172 -1.33333333
34 173 -1.33333333
52 173 -1.33333333
172 173 -1.33333333
173 173 5.33333333
288 173 -1.33333333
34 174 -1.33333333
54 174 -1.33333333
172 174 -1.33333333
174 174 5.33333333
264 174 -1.33333333
175 175 5.33333333
176 175 -1.33333333
177 175 -1.33333333
224 175 -1.33333333
225 175 -1.33333333
35 176 -1.33333333
53 176 -1.33333333
175 176 -1.33333333
176 176 5.33333333
289 176 -1.33333333
35 177 -1.33333333
55 177 -1.33333333
175 177 -1.33333333
177 177 5.33333333
265 177 -1.33333333
24 178 -1.33333333
60 178 -1.33333333
115 178 -1.33333333
178 178 5.33333333
282 178 -1.33333333
2 179 -1.33333333
60 179 -1.33333333
115 179 -1.33333333
179 179 5.33333333
243 179 -1.33333333
26 180 -1.33333333
61 180 -1.33333333
112 180 -1.33333333
180 180 5.33333333
283 180 -1.33333333
5 181 -1.33333333
61 181 -1.33333333
112 181 -1.33333333
181 181 5.33333333
245 181 -1.33333333
26 182 -1.33333333
62 182 -1.33333333
109 182 -1.33333333
182 182 5.33333333
284 182 -1.33333333
8 183 -1.33333333
62 183 -1.33333333
109 183 -1.33333333
183 183 5.33333333
246 183 -1.33333333
24 184 -1.33333333
63 184 -1.33333333
106 184 -1.33333333
184 184 5.33333333
285 184 -1.33333333
10 185 -1.33333333
63 185 -1.33333333
106 185 -1.33333333
185 185 5.33333333
247 185 -1.33333333
30 186 -1.33333333
64 186 -1.33333333
124 186 -1.33333333
186 186 5.33333333
286 186 -1.33333333
13 187 -1.33333333
64 187 -1.33333333
124 187 -1.33333333
187 187 5.33333333
249 187 -1.33333333
32 188 -1.33333333
65 188 -1.33333333
127 188 -1.33333333
188 188 5.33333333
287 188 -1.33333333
16 189 -1.33333333
65 189 -1.33333333
127 189 -1.33333333
189 189 5.33333333
251 189 -1.33333333
30 190 -1.33333333
66 190 -1.33333333
118 190 -1.33333333
190 190 5.33333333
288 190 -1.33333333
19 191 -1.33333333
66 191 -1.33333333
118 191 -1.33333333
191 191 5.33333333
252 191 -1.33333333
32 192 -1.33333333
67 192 -1.33333333
121 192 -1.33333333
192 192 5.33333333
289 192 -1.33333333
22 193 -1.33333333
67 193 -1.33333333
121 193 -1.33333333
193 193 5.33333333
253 193 -1.33333333
7 194 -1.33333333
68 194 -1.33333333
91 194 -1.33333333
194 194 5.33333333
280 194 -1.33333333
10 195 -1.33333333
68 195 -1.33333333
91 195 -1.33333333
195 195 5.33333333
254 195 -1.33333333
7 196 -1.33333333
69 196 -1.33333333
88 196 -1.33333333
196 196 5.33333333
281 196 -1.33333333
8 197 -1.33333333
69 197 -1.33333333
88 197 -1.33333333
197 197 5.33333333
255 197 -1.33333333
198 198 1.00000000
5 199 -1.33333333
85 199 -1.33333333
199 199 5.33333333
256 199 -1.33333333
200 200 1.00000000
2 201 -1.33333333
82 201 -1.33333333
201 201 5.33333333
258 201 -1.33333333
202 202 1.00000000
19 203 -1.33333333
100 203 -1.33333333
203 203 5.33333333
260 203 -1.33333333
204 204 1.00000000
22 205 -1.33333333
103 205 -1.33333333
205 205 5.33333333
262 205 -1.33333333
74 206 -1.33333333
94 206 -1.33333333
206 206 5.33333333
267 206 -1.33333333
13 207 -1.33333333
74 207 -1.33333333
94 207 -1.33333333
207 207 5.33333333
264 207 -1.33333333
75 208 -1.33333333
97 208 -1.33333333
208 208 5.33333333
269 208 -1.33333333
16 209 -1.33333333
75 209 -1.33333333
97 209 -1.33333333
209 209 5.33333333
265 209 -1.33333333
54 210 -1.33333333
74 210 -1.33333333
154 210 -1.33333333
210 210 5.33333333
264 210 -1.33333333
37 211 -1.33333333
74 211 -1.33333333
154 211 -1.33333333
211 211 5.33333333
267 211 -1.33333333
55 212 -1.33333333
75 212 -1.33333333
157 212 -1.33333333
212 212 5.33333333
265 212 -1.33333333
40 213 -1.33333333
75 213 -1.33333333
157 213 -1.33333333
213 213 5.33333333
269 213 -1.33333333
214 214 1.00000000
43 215 -1.33333333
160 215 -1.33333333
215 215 5.33333333
270 215 -1.33333333
216 216 1.00000000
45 217 -1.33333333
163 217 -1.33333333
217 217 5.33333333
272 217 -1.33333333
218 218 1.00000000
47 219 -1.33333333
166 219 -1.33333333
219 219 5.33333333
275 219 -1.33333333
220 220 1.00000000
50 221 -1.33333333
169 221 -1.33333333
221 221 5.33333333
278 221 -1.33333333
54 222 -1.33333333
68 222 -1.33333333
172 222 -1.33333333
222 222 5.33333333
254 222 -1.33333333
52 223 -1.33333333
68 223 -1.33333333
172 223 -1.33333333
223 223 5.33333333
280 223 -1.33333333
55 224 -1.33333333
69 224 -1.33333333
175 224 -1.33333333
224 224 5.33333333
255 224 -1.33333333
53 225 -1.33333333
69 225 -1.33333333
175 225 -1.33333333
225 225 5.33333333
281 225 -1.33333333
60 226 -1.33333333
130 226 -1.33333333
226 226 5.33333333
243 226 -1.33333333
37 227 -1.33333333
60 227 -1.33333333
130 227 -1.33333333
227 227 5.33333333
282 227 -1.33333333
61 228 -1.33333333
133 228 -1.33333333
228 228 5.33333333
245 228 -1.33333333
40 229 -1.33333333
61 229 -1.33333333
133 229 -1.33333333
229 229 5.33333333
283 229 -1.33333333
42 230 -1.33333333
62 230 -1.33333333
136 230 -1.33333333
230 230 5.33333333
246 230 -1.33333333
43 231 -1.33333333
62 231 -1.33333333
136 231 -1.33333333
231 231 5.33333333
284 231 -1.33333333
44 232 -1.33333333
63 232 -1.33333333
139 232 -1.33333333
232 232 5.33333333
247 232 -1.33333333
45 233 -1.33333333
63 233 -1.33333333
139 233 -1.33333333
233 233 5.33333333
285 233 -1.33333333
64 234 -1.33333333
142 234 -1.33333333
234 234 5.33333333
249 234 -1.33333333
47 235 -1.33333333
64 235 -1.33333333
142 235 -1.33333333
235 235 5.33333333
286 235 -1.33333333
65 236 -1.33333333
145 236 -1.33333333
236 236 5.33333333
251 236 -1.33333333
50 237 -1.33333333
65 237 -1.33333333
145 237 -1.33333333
237 237 5.33333333
287 237 -1.33333333
42 238 -1.33333333
66 238 -1.33333333
148 238 -1.33333333
238 238 5.33333333
252 238 -1.33333333
52 239 -1.33333333
66 239 -1.33333333
148 239 -1.33333333
239 239 5.33333333
288 239 -1.33333333
44 240 -1.33333333
67 240 -1.33333333
151 240 -1.33333333
240 240 5.33333333
253 240 -1.33333333
53 241 -1.33333333
67 241 -1.33333333
151 241 -1.33333333
241 241 5.33333333
289 241 -1.33333333
242 242 1.00000000
83 243 -1.33333333
179 243 -1.33333333
226 243 -1.33333333
243 243 5.33333333
244 244 1.00000000
86 245 -1.33333333
181 245 -1.33333333
228 245 -1.33333333
245 245 5.33333333
89 246 -1.33333333
150 246 -1.33333333
183 246 -1.33333333
230 246 -1.33333333
246 246 5.33333333
92 247 -1.33333333
153 247 -1.33333333
185 247 -1.33333333
232 247 -1.33333333
247 247 5.33333333
248 248 1.00000000
95 249 -1.33333333
187 249 -1.33333333
234 249 -1.33333333
249 249 5.33333333
250 250 1.00000000
98 251 -1.33333333
189 251 -1.33333333
236 251 -1.33333333
251 251 5.33333333
101 252 -1.33333333
138 252 -1.33333333
191 252 -1.33333333
238 252 -1.33333333
252 252 5.33333333
104 253 -1.33333333
141 253 -1.33333333
193 253 -1.33333333
240 253 -1.33333333
253 253 5.33333333
107 254 -1.33333333
156 254 -1.33333333
195 254 -1.33333333
222 254 -1.33333333
254 254 5.33333333
110 255 -1.33333333
159 255 -1.33333333
197 255 -1.33333333
224 255 -1.33333333
255 255 5.33333333
113 256 -1.33333333
162 256 -1.33333333
199 256 -1.33333333
256 256 5.33333333
257 257 1.00000000
116 258 -1.33333333
165 258 -1.33333333
201 258 -1.33333333
258 258 5.33333333
259 259 1.00000000
119 260 -1.33333333
168 260 -1.33333333
203 260 -1.33333333
260 260 5.33333333
261 261 1.00000000
122 262 -1.33333333
171 262 -1.33333333
205 262 -1.33333333
262 262 5.33333333
263 263 1.00000000
125 264 -1.33333333
174 264 -1.33333333
207 264 -1.33333333
210 264 -1.33333333
264 264 5.33333333
128 265 -1.33333333
177 265 -1.33333333
209 265 -1.33333333
212 265 -1.33333333
265 265 5.33333333
266 266 1.00000000
131 267 -1.33333333
206 267 -1.33333333
211 267 -1.33333333
267 267 5.33333333
268 268 1.00000000
134 269 -1.33333333
208 269 -1.33333333
213 269 -1.33333333
269 269 5.33333333
102 270 -1.33333333
137 270 -1.33333333
215 270 -1.33333333
270 270 5.33333333
271 271 1.00000000
105 272 -1.33333333
140 272 -1.33333333
217 272 -1.33333333
272 272 5.33333333
273 273 1.00000000
274 274 1.00000000
143 275 -1.33333333
219 275 -1.33333333
275 275 5.33333333
276 276 1.00000000
277 277 1.00000000
146 278 -1.33333333
221 278 -1.33333333
278 278 5.33333333
279 279 1.00000000
90 280 -1.33333333
149 280 -1.33333333
194 280 -1.33333333
223 280 -1.33333333
280 280 5.33333333
93 281 -1.33333333
152 281 -1.33333333
196 281 -1.33333333
225 281 -1.33333333
281 281 5.33333333
108 282 -1.33333333
155 282 -1.33333333
178 282 -1.33333333
227 282 -1.33333333
282 282 5.33333333
111 283 -1.33333333
158 283 -1.33333333
180 283 -1.33333333
229 283 -1.33333333
283 283 5.33333333
114 284 -1.33333333
161 284 -1.33333333
182 284 -1.33333333
231 284 -1.33333333
284 284 5.33333333
117 285 -1.33333333
164 285 -1.33333333
184 285 -1.33333333
233 285 -1.33333333
285 285 5.33333333
120 286 -1.33333333
167 286 -1.33333333
186 286 -1.33333333
235 286 -1.33333333
286 286 5.33333333
123 287 -1.33333333
170 287 -1.33333333
188 287 -1.33333333
237 287 -1.33333333
287 287 5.33333333
126 288 -1.33333333
173 288 -1.33333333
190 288 -1.33333333
239 288 -1.33333333
288 288 5.33333333
129 289 -1.33333333
176 289 -1.33333333
192 289 -1.33333333
241 289 -1.33333333
289 289 5.33333333
