81 81 249
1 1 1.00000000
2 2 4.00000000
29 2 -1.00000000
60 2 -1.00000000
3 3 1.00000000
4 4 1.00000000
5 5 4.00000000
28 5 -1.00000000
61 5 -1.00000000
6 6 1.00000000
7 7 4.00000000
9 7 -1.00000000
11 7 -1.00000000
68 7 -1.00000000
69 7 -1.00000000
8 8 4.00000000
9 8 -1.00000000
27 8 -1.00000000
62 8 -1.00000000
69 8 -1.00000000
7 9 -1.00000000
8 9 -1.00000000
9 9 4.00000000
42 9 -1.00000000
52 9 -1.00000000
10 10 4.00000000
11 10 -1.00000000
25 10 -1.00000000
63 10 -1.00000000
68 10 -1.00000000
7 11 -1.00000000
10 11 -1.00000000
11 11 4.00000000
44 11 -1.00000000
53 11 -1.00000000
12 12 1.00000000
13 13 4.00000000
34 13 -1.00000000
64 13 -1.00000000
74 13 -1.00000000
14 14 1.00000000
15 15 1.00000000
16 16 4.00000000
35 16 -1.00000000
65 16 -1.00000000
75 16 -1.00000000
17 17 1.00000000
18 18 1.00000000
19 19 4.00000000
20 19 -1.00000000
31 19 -1.00000000
66 19 -1.00000000
19 20 -1.00000000
20 20 4.00000000
42 20 -1.00000000
43 20 -1.00000000
21 21 1.00000000
22 22 4.00000000
23 22 -1.00000000
33 22 -1.00000000
67 22 -1.00000000
22 23 -1.00000000
23 23 4.00000000
44 23 -1.00000000
45 23 -1.00000000
24 24 4.00000000
25 24 -1.00000000
29 24 -1.00000000
60 24 -1.00000000
63 24 -1.00000000
10 25 -1.00000000
24 25 -1.00000000
25 25 4.00000000
37 25 -1.00000000
54 25 -1.00000000
26 26 4.00000000
27 26 -1.00000000
28 26 -1.00000000
61 26 -1.00000000
62 26 -1.00000000
8 27 -1.00000000
26 27 -1.00000000
27 27 4.00000000
40 27 -1.00000000
55 27 -1.00000000
5 28 -1.00000000
26 28 -1.00000000
28 28 4.00000000
43 28 -1.00000000
2 29 -1.00000000
24 29 -1.00000000
29 29 4.00000000
45 29 -1.00000000
30 30 4.00000000
31 30 -1.00000000
34 30 -1.00000000
64 30 -1.00000000
66 30 -1.00000000
19 31 -1.00000000
30 31 -1.00000000
31 31 4.00000000
47 31 -1.00000000
32 32 4.00000000
33 32 -1.00000000
35 32 -1.00000000
65 32 -1.00000000
67 32 -1.00000000
22 33 -1.00000000
32 33 -1.00000000
33 33 4.00000000
50 33 -1.00000000
13 34 -1.00000000
30 34 -1.00000000
34 34 4.00000000
52 34 -1.00000000
54 34 -1.00000000
16 35 -1.00000000
32 35 -1.00000000
35 35 4.00000000
53 35 -1.00000000
55 35 -1.00000000
36 36 1.00000000
25 37 -1.00000000
37 37 4.00000000
60 37 -1.00000000
74 37 -1.00000000
38 38 1.00000000
39 39 1.00000000
27 40 -1.00000000
40 40 4.00000000
61 40 -1.00000000
75 40 -1.00000000
41 41 1.00000000
9 42 -1.00000000
20 42 -1.00000000
42 42 4.00000000
62 42 -1.00000000
66 42 -1.00000000
20 43 -1.00000000
28 43 -1.00000000
43 43 4.00000000
62 43 -1.00000000
11 44 -1.00000000
23 44 -1.00000000
44 44 4.00000000
63 44 -1.00000000
67 44 -1.00000000
23 45 -1.00000000
29 45 -1.00000000
45 45 4.00000000
63 45 -1.00000000
46 46 1.00000000
31 47 -1.00000000
47 47 4.00000000
64 47 -1.00000000
48 48 1.00000000
49 49 1.00000000
33 50 -1.00000000
50 50 4.00000000
65 50 -1.00000000
51 51 1.00000000
9 52 -1.00000000
34 52 -1.00000000
52 52 4.00000000
66 52 -1.00000000
68 52 -1.00000000
11 53 -1.00000000
35 53 -1.00000000
53 53 4.00000000
67 53 -1.00000000
69 53 -1.00000000
25 54 -1.00000000
34 54 -1.00000000
54 54 4.00000000
68 54 -1.00000000
74 54 -1.00000000
27 55 -1.00000000
35 55 -1.00000000
55 55 4.00000000
69 55 -1.00000000
75 55 -1.00000000
56 56 1.00000000
57 57 1.00000000
58 58 1.00000000
59 59 1.00000000
2 60 -1.00000000
24 60 -1.00000000
37 60 -1.00000000
60 60 4.00000000
5 61 -1.00000000
26 61 -1.00000000
40 61 -1.00000000
61 61 4.00000000
8 62 -1.00000000
26 62 -1.00000000
42 62 -1.00000000
43 62 -1.00000000
62 62 4.00000000
10 63 -1.00000000
24 63 -1.00000000
44 63 -1.00000000
45 63 -1.00000000
63 63 4.00000000
13 64 -1.00000000
30 64 -1.00000000
47 64 -1.00000000
64 64 4.00000000
16 65 -1.00000000
32 65 -1.00000000
50 65 -1.00000000
65 65 4.00000000
19 66 -1.00000000
30 66 -1.00000000
42 66 -1.00000000
52 66 -1.00000000
66 66 4.00000000
22 67 -1.00000000
32 67 -1.00000000
44 67 -1.00000000
53 67 -1.00000000
67 67 4.00000000
7 68 -1.00000000
10 68 -1.00000000
52 68 -1.00000000
54 68 -1.00000000
68 68 4.00000000
7 69 -1.00000000
8 69 -1.00000000
53 69 -1.00000000
55 69 -1.00000000
69 69 4.00000000
70 70 1.00000000
71 71 1.00000000
72 72 1.00000000
73 73 1.00000000
13 74 -1.00000000
37 74 -1.00000000
54 74 -1.00000000
74 74 4.00000000
16 75 -1.00000000
40 75 -1.00000000
55 75 -1.00000000
75 75 4.00000000
76 76 1.00000000
77 77 1.00000000
78 78 1.00000000
79 79 1.00000000
80 80 1.00000000
81 81 1.00000000
