192 192 2992
1 1 10.66666667
2 1 -1.41666667
3 1 -1.25000000
4 1 2.66666667
5 1 -0.33333333
6 1 2.00000000
67 1 -4.83333333
68 1 0.16666667
69 1 1.16666667
70 1 -0.66666667
72 1 -2.00000000
146 1 0.08333333
147 1 0.08333333
149 1 0.33333333
1 2 -1.41666667
2 2 10.66666667
3 2 -1.41666667
4 2 2.33333333
5 2 2.33333333
6 2 -0.66666667
67 2 1.16666667
68 2 0.16666667
69 2 -4.83333333
71 2 -0.66666667
72 2 -2.00000000
145 2 0.08333333
146 2 1.33333333
147 2 -5.08333333
149 2 -2.66666667
150 2 -0.33333333
1 3 -1.25000000
2 3 -1.41666667
3 3 10.16666667
4 3 -0.66666667
5 3 2.33333333
6 3 1.66666667
67 3 0.16666667
69 3 0.16666667
72 3 0.66666667
145 3 0.08333333
146 3 -5.08333333
147 3 1.16666667
148 3 -0.33333333
149 3 -2.00000000
1 4 2.66666667
2 4 2.33333333
3 4 -0.66666667
4 4 21.33333333
5 4 0.66666667
6 4 1.33333333
67 4 -2.00000000
68 4 0.66666667
69 4 -2.00000000
70 4 -1.33333333
71 4 -1.33333333
72 4 -18.66666667
147 4 -0.33333333
149 4 -0.66666667
1 5 -0.33333333
2 5 2.33333333
3 5 2.33333333
4 5 0.66666667
5 5 22.66666667
6 5 2.00000000
69 5 -0.66666667
72 5 -1.33333333
145 5 0.33333333
146 5 -2.66666667
147 5 -2.00000000
148 5 -0.66666667
149 5 -20.00000000
150 5 -0.66666667
1 6 2.00000000
2 6 -0.66666667
3 6 1.66666667
4 6 1.33333333
5 6 2.00000000
6 6 21.33333333
67 6 -0.66666667
72 6 -1.33333333
146 6 -0.33333333
149 6 -0.66666667
7 7 10.66666667
8 7 -1.41666667
9 7 -1.25000000
10 7 2.66666667
11 7 -0.33333333
12 7 2.00000000
61 7 -4.83333333
62 7 0.16666667
63 7 1.16666667
64 7 -0.66666667
66 7 -2.00000000
152 7 0.08333333
153 7 0.08333333
155 7 0.33333333
7 8 -1.41666667
8 8 10.66666667
9 8 -1.41666667
10 8 2.33333333
11 8 2.33333333
12 8 -0.66666667
61 8 1.16666667
62 8 0.16666667
63 8 -4.83333333
65 8 -0.66666667
66 8 -2.00000000
151 8 0.08333333
152 8 1.33333333
153 8 -5.08333333
155 8 -2.66666667
156 8 -0.33333333
7 9 -1.25000000
8 9 -1.41666667
9 9 10.16666667
10 9 -0.66666667
11 9 2.33333333
12 9 1.66666667
61 9 0.16666667
63 9 0.16666667
66 9 0.66666667
151 9 0.08333333
152 9 -5.08333333
153 9 1.16666667
154 9 -0.33333333
155 9 -2.00000000
7 10 2.66666667
8 10 2.33333333
9 10 -0.66666667
10 10 21.33333333
11 10 0.66666667
12 10 1.33333333
61 10 -2.00000000
62 10 0.66666667
63 10 -2.00000000
64 10 -1.33333333
65 10 -1.33333333
66 10 -18.66666667
153 10 -0.33333333
155 10 -0.66666667
7 11 -0.33333333
8 11 2.33333333
9 11 2.33333333
10 11 0.66666667
11 11 22.66666667
12 11 2.00000000
63 11 -0.66666667
66 11 -1.33333333
151 11 0.33333333
152 11 -2.66666667
153 11 -2.00000000
154 11 -0.66666667
155 11 -20.00000000
156 11 -0.66666667
7 12 2.00000000
8 12 -0.66666667
9 12 1.66666667
10 12 1.33333333
11 12 2.00000000
12 12 21.33333333
61 12 -0.66666667
66 12 -1.33333333
152 12 -0.33333333
155 12 -0.66666667
13 13 10.66666667
14 13 -1.33333333
15 13 -1.33333333
16 13 2.33333333
17 13 -0.33333333
18 13 2.33333333
55 13 -4.83333333
56 13 0.16666667
57 13 1.16666667
58 13 -0.66666667
60 13 -2.00000000
133 13 -5.08333333
134 13 1.33333333
135 13 0.08333333
136 13 -2.66666667
138 13 -0.33333333
158 13 0.08333333
159 13 0.08333333
161 13 0.33333333
13 14 -1.33333333
14 14 10.66666667
15 14 -1.33333333
16 14 2.33333333
17 14 2.33333333
18 14 -0.33333333
55 14 1.16666667
56 14 0.16666667
57 14 -4.83333333
59 14 -0.66666667
60 14 -2.00000000
133 14 0.08333333
134 14 0.08333333
136 14 0.33333333
157 14 0.08333333
158 14 1.33333333
159 14 -5.08333333
161 14 -2.66666667
162 14 -0.33333333
13 15 -1.33333333
14 15 -1.33333333
15 15 10.66666667
16 15 -0.66666667
17 15 2.00000000
18 15 2.00000000
55 15 0.16666667
57 15 0.16666667
60 15 0.66666667
133 15 1.16666667
134 15 -5.08333333
135 15 0.08333333
136 15 -2.00000000
137 15 -0.33333333
157 15 0.08333333
158 15 -5.08333333
159 15 1.16666667
160 15 -0.33333333
161 15 -2.00000000
13 16 2.33333333
14 16 2.33333333
15 16 -0.66666667
16 16 21.33333333
17 16 0.66666667
18 16 0.66666667
55 16 -2.00000000
56 16 0.66666667
57 16 -2.00000000
58 16 -1.33333333
59 16 -1.33333333
60 16 -18.66666667
133 16 -0.33333333
136 16 -0.66666667
159 16 -0.33333333
161 16 -0.66666667
13 17 -0.33333333
14 17 2.33333333
15 17 2.00000000
16 17 0.66666667
17 17 22.66666667
18 17 1.33333333
57 17 -0.66666667
60 17 -1.33333333
134 17 -0.33333333
136 17 -0.66666667
157 17 0.33333333
158 17 -2.66666667
159 17 -2.00000000
160 17 -0.66666667
161 17 -20.00000000
162 17 -0.66666667
13 18 2.33333333
14 18 -0.33333333
15 18 2.00000000
16 18 0.66666667
17 18 1.33333333
18 18 22.66666667
55 18 -0.66666667
60 18 -1.33333333
133 18 -2.00000000
134 18 -2.66666667
135 18 0.33333333
136 18 -20.00000000
137 18 -0.66666667
138 18 -0.66666667
158 18 -0.33333333
161 18 -0.66666667
19 19 10.66666667
20 19 -1.33333333
21 19 -1.33333333
22 19 2.33333333
23 19 -0.33333333
24 19 2.33333333
49 19 -4.83333333
50 19 0.16666667
51 19 1.16666667
52 19 -0.66666667
54 19 -2.00000000
139 19 -5.08333333
140 19 1.33333333
141 19 0.08333333
142 19 -2.66666667
144 19 -0.33333333
164 19 0.08333333
165 19 0.08333333
167 19 0.33333333
19 20 -1.33333333
20 20 10.66666667
21 20 -1.33333333
22 20 2.33333333
23 20 2.33333333
24 20 -0.33333333
49 20 1.16666667
50 20 0.16666667
51 20 -4.83333333
53 20 -0.66666667
54 20 -2.00000000
139 20 0.08333333
140 20 0.08333333
142 20 0.33333333
163 20 0.08333333
164 20 1.33333333
165 20 -5.08333333
167 20 -2.66666667
168 20 -0.33333333
19 21 -1.33333333
20 21 -1.33333333
21 21 10.66666667
22 21 -0.66666667
23 21 2.00000000
24 21 2.00000000
49 21 0.16666667
51 21 0.16666667
54 21 0.66666667
139 21 1.16666667
140 21 -5.08333333
141 21 0.08333333
142 21 -2.00000000
143 21 -0.33333333
163 21 0.08333333
164 21 -5.08333333
165 21 1.16666667
166 21 -0.33333333
167 21 -2.00000000
19 22 2.33333333
20 22 2.33333333
21 22 -0.66666667
22 22 21.33333333
23 22 0.66666667
24 22 0.66666667
49 22 -2.00000000
50 22 0.66666667
51 22 -2.00000000
52 22 -1.33333333
53 22 -1.33333333
54 22 -18.66666667
139 22 -0.33333333
142 22 -0.66666667
165 22 -0.33333333
167 22 -0.66666667
19 23 -0.33333333
20 23 2.33333333
21 23 2.00000000
22 23 0.66666667
23 23 22.66666667
24 23 1.33333333
51 23 -0.66666667
54 23 -1.33333333
140 23 -0.33333333
142 23 -0.66666667
163 23 0.33333333
164 23 -2.66666667
165 23 -2.00000000
166 23 -0.66666667
167 23 -20.00000000
168 23 -0.66666667
19 24 2.33333333
20 24 -0.33333333
21 24 2.00000000
22 24 0.66666667
23 24 1.33333333
24 24 22.66666667
49 24 -0.66666667
54 24 -1.33333333
139 24 -2.00000000
140 24 -2.66666667
141 24 0.33333333
142 24 -20.00000000
143 24 -0.66666667
144 24 -0.66666667
164 24 -0.33333333
167 24 -0.66666667
25 25 10.66666667
26 25 -1.41666667
27 25 -1.25000000
28 25 2.66666667
29 25 -0.33333333
30 25 2.00000000
85 25 -4.83333333
86 25 0.16666667
87 25 1.16666667
88 25 -0.66666667
90 25 -2.00000000
170 25 0.08333333
171 25 0.08333333
173 25 0.33333333
25 26 -1.41666667
26 26 10.66666667
27 26 -1.41666667
28 26 2.33333333
29 26 2.33333333
30 26 -0.66666667
85 26 1.16666667
86 26 0.16666667
87 26 -4.83333333
89 26 -0.66666667
90 26 -2.00000000
169 26 0.08333333
170 26 1.33333333
171 26 -5.08333333
173 26 -2.66666667
174 26 -0.33333333
25 27 -1.25000000
26 27 -1.41666667
27 27 10.16666667
28 27 -0.66666667
29 27 2.33333333
30 27 1.66666667
85 27 0.16666667
87 27 0.16666667
90 27 0.66666667
169 27 0.08333333
170 27 -5.08333333
171 27 1.16666667
172 27 -0.33333333
173 27 -2.00000000
25 28 2.66666667
26 28 2.33333333
27 28 -0.66666667
28 28 21.33333333
29 28 0.66666667
30 28 1.33333333
85 28 -2.00000000
86 28 0.66666667
87 28 -2.00000000
88 28 -1.33333333
89 28 -1.33333333
90 28 -18.66666667
171 28 -0.33333333
173 28 -0.66666667
25 29 -0.33333333
26 29 2.33333333
27 29 2.33333333
28 29 0.66666667
29 29 22.66666667
30 29 2.00000000
87 29 -0.66666667
90 29 -1.33333333
169 29 0.33333333
170 29 -2.66666667
171 29 -2.00000000
172 29 -0.66666667
173 29 -20.00000000
174 29 -0.66666667
25 30 2.00000000
26 30 -0.66666667
27 30 1.66666667
28 30 1.33333333
29 30 2.00000000
30 30 21.33333333
85 30 -0.66666667
90 30 -1.33333333
170 30 -0.33333333
173 30 -0.66666667
31 31 10.66666667
32 31 -1.41666667
33 31 -1.25000000
34 31 2.66666667
35 31 -0.33333333
36 31 2.00000000
91 31 -4.83333333
92 31 0.16666667
93 31 1.16666667
94 31 -0.66666667
96 31 -2.00000000
176 31 0.08333333
177 31 0.08333333
179 31 0.33333333
31 32 -1.41666667
32 32 10.66666667
33 32 -1.41666667
34 32 2.33333333
35 32 2.33333333
36 32 -0.66666667
91 32 1.16666667
92 32 0.16666667
93 32 -4.83333333
95 32 -0.66666667
96 32 -2.00000000
175 32 0.08333333
176 32 1.33333333
177 32 -5.08333333
179 32 -2.66666667
180 32 -0.33333333
31 33 -1.25000000
32 33 -1.41666667
33 33 10.16666667
34 33 -0.66666667
35 33 2.33333333
36 33 1.66666667
91 33 0.16666667
93 33 0.16666667
96 33 0.66666667
175 33 0.08333333
176 33 -5.08333333
177 33 1.16666667
178 33 -0.33333333
179 33 -2.00000000
31 34 2.66666667
32 34 2.33333333
33 34 -0.66666667
34 34 21.33333333
35 34 0.66666667
36 34 1.33333333
91 34 -2.00000000
92 34 0.66666667
93 34 -2.00000000
94 34 -1.33333333
95 34 -1.33333333
96 34 -18.66666667
177 34 -0.33333333
179 34 -0.66666667
31 35 -0.33333333
32 35 2.33333333
33 35 2.33333333
34 35 0.66666667
35 35 22.66666667
36 35 2.00000000
93 35 -0.66666667
96 35 -1.33333333
175 35 0.33333333
176 35 -2.66666667
177 35 -2.00000000
178 35 -0.66666667
179 35 -20.00000000
180 35 -0.66666667
31 36 2.00000000
32 36 -0.66666667
33 36 1.66666667
34 36 1.33333333
35 36 2.00000000
36 36 21.33333333
91 36 -0.66666667
96 36 -1.33333333
176 36 -0.33333333
179 36 -0.66666667
37 37 10.66666667
38 37 -1.33333333
39 37 -1.33333333
40 37 2.33333333
41 37 -0.33333333
42 37 2.33333333
73 37 -4.83333333
74 37 0.16666667
75 37 1.16666667
76 37 -0.66666667
78 37 -2.00000000
109 37 -5.08333333
110 37 1.33333333
111 37 0.08333333
112 37 -2.66666667
114 37 -0.33333333
182 37 0.08333333
183 37 0.08333333
185 37 0.33333333
37 38 -1.33333333
38 38 10.66666667
39 38 -1.33333333
40 38 2.33333333
41 38 2.33333333
42 38 -0.33333333
73 38 1.16666667
74 38 0.16666667
75 38 -4.83333333
77 38 -0.66666667
78 38 -2.00000000
109 38 0.08333333
110 38 0.08333333
112 38 0.33333333
181 38 0.08333333
182 38 1.33333333
183 38 -5.08333333
185 38 -2.66666667
186 38 -0.33333333
37 39 -1.33333333
38 39 -1.33333333
39 39 10.66666667
40 39 -0.66666667
41 39 2.00000000
42 39 2.00000000
73 39 0.16666667
75 39 0.16666667
78 39 0.66666667
109 39 1.16666667
110 39 -5.08333333
111 39 0.08333333
112 39 -2.00000000
113 39 -0.33333333
181 39 0.08333333
182 39 -5.08333333
183 39 1.16666667
184 39 -0.33333333
185 39 -2.00000000
37 40 2.33333333
38 40 2.33333333
39 40 -0.66666667
40 40 21.33333333
41 40 0.66666667
42 40 0.66666667
73 40 -2.00000000
74 40 0.66666667
75 40 -2.00000000
76 40 -1.33333333
77 40 -1.33333333
78 40 -18.66666667
109 40 -0.33333333
112 40 -0.66666667
183 40 -0.33333333
185 40 -0.66666667
37 41 -0.33333333
38 41 2.33333333
39 41 2.00000000
40 41 0.66666667
41 41 22.66666667
42 41 1.33333333
75 41 -0.66666667
78 41 -1.33333333
110 41 -0.33333333
112 41 -0.66666667
181 41 0.33333333
182 41 -2.66666667
183 41 -2.00000000
184 41 -0.66666667
185 41 -20.00000000
186 41 -0.66666667
37 42 2.33333333
38 42 -0.33333333
39 42 2.00000000
40 42 0.66666667
41 42 1.33333333
42 42 22.66666667
73 42 -0.66666667
78 42 -1.33333333
109 42 -2.00000000
110 42 -2.66666667
111 42 0.33333333
112 42 -20.00000000
113 42 -0.66666667
114 42 -0.66666667
182 42 -0.33333333
185 42 -0.66666667
43 43 10.66666667
44 43 -1.33333333
45 43 -1.33333333
46 43 2.33333333
47 43 -0.33333333
48 43 2.33333333
79 43 -4.83333333
80 43 0.16666667
81 43 1.16666667
82 43 -0.66666667
84 43 -2.00000000
115 43 -5.08333333
116 43 1.33333333
117 43 0.08333333
118 43 -2.66666667
120 43 -0.33333333
188 43 0.08333333
189 43 0.08333333
191 43 0.33333333
43 44 -1.33333333
44 44 10.66666667
45 44 -1.33333333
46 44 2.33333333
47 44 2.33333333
48 44 -0.33333333
79 44 1.16666667
80 44 0.16666667
81 44 -4.83333333
83 44 -0.66666667
84 44 -2.00000000
115 44 0.08333333
116 44 0.08333333
118 44 0.33333333
187 44 0.08333333
188 44 1.33333333
189 44 -5.08333333
191 44 -2.66666667
192 44 -0.33333333
43 45 -1.33333333
44 45 -1.33333333
45 45 10.66666667
46 45 -0.66666667
47 45 2.00000000
48 45 2.00000000
79 45 0.16666667
81 45 0.16666667
84 45 0.66666667
115 45 1.16666667
116 45 -5.08333333
117 45 0.08333333
118 45 -2.00000000
119 45 -0.33333333
187 45 0.08333333
188 45 -5.08333333
189 45 1.16666667
190 45 -0.33333333
191 45 -2.00000000
43 46 2.33333333
44 46 2.33333333
45 46 -0.66666667
46 46 21.33333333
47 46 0.66666667
48 46 0.66666667
79 46 -2.00000000
80 46 0.66666667
81 46 -2.00000000
82 46 -1.33333333
83 46 -1.33333333
84 46 -18.66666667
115 46 -0.33333333
118 46 -0.66666667
189 46 -0.33333333
191 46 -0.66666667
43 47 -0.33333333
44 47 2.33333333
45 47 2.00000000
46 47 0.66666667
47 47 22.66666667
48 47 1.33333333
81 47 -0.66666667
84 47 -1.33333333
116 47 -0.33333333
118 47 -0.66666667
187 47 0.33333333
188 47 -2.66666667
189 47 -2.00000000
190 47 -0.66666667
191 47 -20.00000000
192 47 -0.66666667
43 48 2.33333333
44 48 -0.33333333
45 48 2.00000000
46 48 0.66666667
47 48 1.33333333
48 48 22.66666667
79 48 -0.66666667
84 48 -1.33333333
115 48 -2.00000000
116 48 -2.66666667
117 48 0.33333333
118 48 -20.00000000
119 48 -0.66666667
120 48 -0.66666667
188 48 -0.33333333
191 48 -0.66666667
19 49 -4.83333333
20 49 1.16666667
21 49 0.16666667
22 49 -2.00000000
24 49 -0.66666667
49 49 10.66666667
50 49 -1.33333333
51 49 -1.33333333
52 49 2.33333333
53 49 -0.33333333
54 49 2.33333333
133 49 -5.08333333
134 49 0.08333333
135 49 1.33333333
136 49 -0.33333333
138 49 -2.66666667
145 49 0.08333333
147 49 0.08333333
150 49 0.33333333
19 50 0.16666667
20 50 0.16666667
22 50 0.66666667
49 50 -1.33333333
50 50 10.66666667
51 50 -1.33333333
52 50 2.00000000
53 50 2.00000000
54 50 -0.66666667
133 50 1.16666667
134 50 0.08333333
135 50 -5.08333333
137 50 -0.33333333
138 50 -2.00000000
145 50 -5.08333333
146 50 0.08333333
147 50 1.16666667
148 50 -0.33333333
150 50 -2.00000000
19 51 1.16666667
20 51 -4.83333333
21 51 0.16666667
22 51 -2.00000000
23 51 -0.66666667
49 51 -1.33333333
50 51 -1.33333333
51 51 10.66666667
52 51 -0.33333333
53 51 2.33333333
54 51 2.33333333
133 51 0.08333333
135 51 0.08333333
138 51 0.33333333
145 51 1.33333333
146 51 0.08333333
147 51 -5.08333333
149 51 -0.33333333
150 51 -2.66666667
19 52 -0.66666667
22 52 -1.33333333
49 52 2.33333333
50 52 2.00000000
51 52 -0.33333333
52 52 22.66666667
53 52 1.33333333
54 52 0.66666667
133 52 -2.00000000
134 52 0.33333333
135 52 -2.66666667
136 52 -0.66666667
137 52 -0.66666667
138 52 -20.00000000
145 52 -0.33333333
150 52 -0.66666667
20 53 -0.66666667
22 53 -1.33333333
49 53 -0.33333333
50 53 2.00000000
51 53 2.33333333
52 53 1.33333333
53 53 22.66666667
54 53 0.66666667
135 53 -0.33333333
138 53 -0.66666667
145 53 -2.66666667
146 53 0.33333333
147 53 -2.00000000
148 53 -0.66666667
149 53 -0.66666667
150 53 -20.00000000
19 54 -2.00000000
20 54 -2.00000000
21 54 0.66666667
22 54 -18.66666667
23 54 -1.33333333
24 54 -1.33333333
49 54 2.33333333
50 54 -0.66666667
51 54 2.33333333
52 54 0.66666667
53 54 0.66666667
54 54 21.33333333
133 54 -0.33333333
138 54 -0.66666667
147 54 -0.33333333
150 54 -0.66666667
13 55 -4.83333333
14 55 1.16666667
15 55 0.16666667
16 55 -2.00000000
18 55 -0.66666667
55 55 10.66666667
56 55 -1.33333333
57 55 -1.33333333
58 55 2.33333333
59 55 -0.33333333
60 55 2.33333333
139 55 -5.08333333
140 55 0.08333333
141 55 1.33333333
142 55 -0.33333333
144 55 -2.66666667
151 55 0.08333333
153 55 0.08333333
156 55 0.33333333
13 56 0.16666667
14 56 0.16666667
16 56 0.66666667
55 56 -1.33333333
56 56 10.66666667
57 56 -1.33333333
58 56 2.00000000
59 56 2.00000000
60 56 -0.66666667
139 56 1.16666667
140 56 0.08333333
141 56 -5.08333333
143 56 -0.33333333
144 56 -2.00000000
151 56 -5.08333333
152 56 0.08333333
153 56 1.16666667
154 56 -0.33333333
156 56 -2.00000000
13 57 1.16666667
14 57 -4.83333333
15 57 0.16666667
16 57 -2.00000000
17 57 -0.66666667
55 57 -1.33333333
56 57 -1.33333333
57 57 10.66666667
58 57 -0.33333333
59 57 2.33333333
60 57 2.33333333
139 57 0.08333333
141 57 0.08333333
144 57 0.33333333
151 57 1.33333333
152 57 0.08333333
153 57 -5.08333333
155 57 -0.33333333
156 57 -2.66666667
13 58 -0.66666667
16 58 -1.33333333
55 58 2.33333333
56 58 2.00000000
57 58 -0.33333333
58 58 22.66666667
59 58 1.33333333
60 58 0.66666667
139 58 -2.00000000
140 58 0.33333333
141 58 -2.66666667
142 58 -0.66666667
143 58 -0.66666667
144 58 -20.00000000
151 58 -0.33333333
156 58 -0.66666667
14 59 -0.66666667
16 59 -1.33333333
55 59 -0.33333333
56 59 2.00000000
57 59 2.33333333
58 59 1.33333333
59 59 22.66666667
60 59 0.66666667
141 59 -0.33333333
144 59 -0.66666667
151 59 -2.66666667
152 59 0.33333333
153 59 -2.00000000
154 59 -0.66666667
155 59 -0.66666667
156 59 -20.00000000
13 60 -2.00000000
14 60 -2.00000000
15 60 0.66666667
16 60 -18.66666667
17 60 -1.33333333
18 60 -1.33333333
55 60 2.33333333
56 60 -0.66666667
57 60 2.33333333
58 60 0.66666667
59 60 0.66666667
60 60 21.33333333
139 60 -0.33333333
144 60 -0.66666667
153 60 -0.33333333
156 60 -0.66666667
7 61 -4.83333333
8 61 1.16666667
9 61 0.16666667
10 61 -2.00000000
12 61 -0.66666667
61 61 10.66666667
62 61 -1.25000000
63 61 -1.41666667
64 61 2.00000000
65 61 -0.33333333
66 61 2.66666667
157 61 0.08333333
159 61 0.08333333
162 61 0.33333333
7 62 0.16666667
8 62 0.16666667
10 62 0.66666667
61 62 -1.25000000
62 62 10.16666667
63 62 -1.41666667
64 62 1.66666667
65 62 2.33333333
66 62 -0.66666667
157 62 -5.08333333
158 62 0.08333333
159 62 1.16666667
160 62 -0.33333333
162 62 -2.00000000
7 63 1.16666667
8 63 -4.83333333
9 63 0.16666667
10 63 -2.00000000
11 63 -0.66666667
61 63 -1.41666667
62 63 -1.41666667
63 63 10.66666667
64 63 -0.66666667
65 63 2.33333333
66 63 2.33333333
157 63 1.33333333
158 63 0.08333333
159 63 -5.08333333
161 63 -0.33333333
162 63 -2.66666667
7 64 -0.66666667
10 64 -1.33333333
61 64 2.00000000
62 64 1.66666667
63 64 -0.66666667
64 64 21.33333333
65 64 2.00000000
66 64 1.33333333
157 64 -0.33333333
162 64 -0.66666667
8 65 -0.66666667
10 65 -1.33333333
61 65 -0.33333333
62 65 2.33333333
63 65 2.33333333
64 65 2.00000000
65 65 22.66666667
66 65 0.66666667
157 65 -2.66666667
158 65 0.33333333
159 65 -2.00000000
160 65 -0.66666667
161 65 -0.66666667
162 65 -20.00000000
7 66 -2.00000000
8 66 -2.00000000
9 66 0.66666667
10 66 -18.66666667
11 66 -1.33333333
12 66 -1.33333333
61 66 2.66666667
62 66 -0.66666667
63 66 2.33333333
64 66 1.33333333
65 66 0.66666667
66 66 21.33333333
159 66 -0.33333333
162 66 -0.66666667
1 67 -4.83333333
2 67 1.16666667
3 67 0.16666667
4 67 -2.00000000
6 67 -0.66666667
67 67 10.66666667
68 67 -1.25000000
69 67 -1.41666667
70 67 2.00000000
71 67 -0.33333333
72 67 2.66666667
163 67 0.08333333
165 67 0.08333333
168 67 0.33333333
1 68 0.16666667
2 68 0.16666667
4 68 0.66666667
67 68 -1.25000000
68 68 10.16666667
69 68 -1.41666667
70 68 1.66666667
71 68 2.33333333
72 68 -0.66666667
163 68 -5.08333333
164 68 0.08333333
165 68 1.16666667
166 68 -0.33333333
168 68 -2.00000000
1 69 1.16666667
2 69 -4.83333333
3 69 0.16666667
4 69 -2.00000000
5 69 -0.66666667
67 69 -1.41666667
68 69 -1.41666667
69 69 10.66666667
70 69 -0.66666667
71 69 2.33333333
72 69 2.33333333
163 69 1.33333333
164 69 0.08333333
165 69 -5.08333333
167 69 -0.33333333
168 69 -2.66666667
1 70 -0.66666667
4 70 -1.33333333
67 70 2.00000000
68 70 1.66666667
69 70 -0.66666667
70 70 21.33333333
71 70 2.00000000
72 70 1.33333333
163 70 -0.33333333
168 70 -0.66666667
2 71 -0.66666667
4 71 -1.33333333
67 71 -0.33333333
68 71 2.33333333
69 71 2.33333333
70 71 2.00000000
71 71 22.66666667
72 71 0.66666667
163 71 -2.66666667
164 71 0.33333333
165 71 -2.00000000
166 71 -0.66666667
167 71 -0.66666667
168 71 -20.00000000
1 72 -2.00000000
2 72 -2.00000000
3 72 0.66666667
4 72 -18.66666667
5 72 -1.33333333
6 72 -1.33333333
67 72 2.66666667
68 72 -0.66666667
69 72 2.33333333
70 72 1.33333333
71 72 0.66666667
72 72 21.33333333
165 72 -0.33333333
168 72 -0.66666667
37 73 -4.83333333
38 73 1.16666667
39 73 0.16666667
40 73 -2.00000000
42 73 -0.66666667
73 73 10.66666667
74 73 -1.25000000
75 73 -1.41666667
76 73 2.00000000
77 73 -0.33333333
78 73 2.66666667
169 73 0.08333333
171 73 0.08333333
174 73 0.33333333
37 74 0.16666667
38 74 0.16666667
40 74 0.66666667
73 74 -1.25000000
74 74 10.16666667
75 74 -1.41666667
76 74 1.66666667
77 74 2.33333333
78 74 -0.66666667
169 74 -5.08333333
170 74 0.08333333
171 74 1.16666667
172 74 -0.33333333
174 74 -2.00000000
37 75 1.16666667
38 75 -4.83333333
39 75 0.16666667
40 75 -2.00000000
41 75 -0.66666667
73 75 -1.41666667
74 75 -1.41666667
75 75 10.66666667
76 75 -0.66666667
77 75 2.33333333
78 75 2.33333333
169 75 1.33333333
170 75 0.08333333
171 75 -5.08333333
173 75 -0.33333333
174 75 -2.66666667
37 76 -0.66666667
40 76 -1.33333333
73 76 2.00000000
74 76 1.66666667
75 76 -0.66666667
76 76 21.33333333
77 76 2.00000000
78 76 1.33333333
169 76 -0.33333333
174 76 -0.66666667
38 77 -0.66666667
40 77 -1.33333333
73 77 -0.33333333
74 77 2.33333333
75 77 2.33333333
76 77 2.00000000
77 77 22.66666667
78 77 0.66666667
169 77 -2.66666667
170 77 0.33333333
171 77 -2.00000000
172 77 -0.66666667
173 77 -0.66666667
174 77 -20.00000000
37 78 -2.00000000
38 78 -2.00000000
39 78 0.66666667
40 78 -18.66666667
41 78 -1.33333333
42 78 -1.33333333
73 78 2.66666667
74 78 -0.66666667
75 78 2.33333333
76 78 1.33333333
77 78 0.66666667
78 78 21.33333333
171 78 -0.33333333
174 78 -0.66666667
43 79 -4.83333333
44 79 1.16666667
45 79 0.16666667
46 79 -2.00000000
48 79 -0.66666667
79 79 10.66666667
80 79 -1.25000000
81 79 -1.41666667
82 79 2.00000000
83 79 -0.33333333
84 79 2.66666667
175 79 0.08333333
177 79 0.08333333
180 79 0.33333333
43 80 0.16666667
44 80 0.16666667
46 80 0.66666667
79 80 -1.25000000
80 80 10.16666667
81 80 -1.41666667
82 80 1.66666667
83 80 2.33333333
84 80 -0.66666667
175 80 -5.08333333
176 80 0.08333333
177 80 1.16666667
178 80 -0.33333333
180 80 -2.00000000
43 81 1.16666667
44 81 -4.83333333
45 81 0.16666667
46 81 -2.00000000
47 81 -0.66666667
79 81 -1.41666667
80 81 -1.41666667
81 81 10.66666667
82 81 -0.66666667
83 81 2.33333333
84 81 2.33333333
175 81 1.33333333
176 81 0.08333333
177 81 -5.08333333
179 81 -0.33333333
180 81 -2.66666667
43 82 -0.66666667
46 82 -1.33333333
79 82 2.00000000
80 82 1.66666667
81 82 -0.66666667
82 82 21.33333333
83 82 2.00000000
84 82 1.33333333
175 82 -0.33333333
180 82 -0.66666667
44 83 -0.66666667
46 83 -1.33333333
79 83 -0.33333333
80 83 2.33333333
81 83 2.33333333
82 83 2.00000000
83 83 22.66666667
84 83 0.66666667
175 83 -2.66666667
176 83 0.33333333
177 83 -2.00000000
178 83 -0.66666667
179 83 -0.66666667
180 83 -20.00000000
43 84 -2.00000000
44 84 -2.00000000
45 84 0.66666667
46 84 -18.66666667
47 84 -1.33333333
48 84 -1.33333333
79 84 2.66666667
80 84 -0.66666667
81 84 2.33333333
82 84 1.33333333
83 84 0.66666667
84 84 21.33333333
177 84 -0.33333333
180 84 -0.66666667
25 85 -4.83333333
26 85 1.16666667
27 85 0.16666667
28 85 -2.00000000
30 85 -0.66666667
85 85 10.66666667
86 85 -1.33333333
87 85 -1.33333333
88 85 2.33333333
89 85 -0.33333333
90 85 2.33333333
97 85 -5.08333333
98 85 0.08333333
99 85 1.33333333
100 85 -0.33333333
102 85 -2.66666667
181 85 0.08333333
183 85 0.08333333
186 85 0.33333333
25 86 0.16666667
26 86 0.16666667
28 86 0.66666667
85 86 -1.33333333
86 86 10.66666667
87 86 -1.33333333
88 86 2.00000000
89 86 2.00000000
90 86 -0.66666667
97 86 1.16666667
98 86 0.08333333
99 86 -5.08333333
101 86 -0.33333333
102 86 -2.00000000
181 86 -5.08333333
182 86 0.08333333
183 86 1.16666667
184 86 -0.33333333
186 86 -2.00000000
25 87 1.16666667
26 87 -4.83333333
27 87 0.16666667
28 87 -2.00000000
29 87 -0.66666667
85 87 -1.33333333
86 87 -1.33333333
87 87 10.66666667
88 87 -0.33333333
89 87 2.33333333
90 87 2.33333333
97 87 0.08333333
99 87 0.08333333
102 87 0.33333333
181 87 1.33333333
182 87 0.08333333
183 87 -5.08333333
185 87 -0.33333333
186 87 -2.66666667
25 88 -0.66666667
28 88 -1.33333333
85 88 2.33333333
86 88 2.00000000
87 88 -0.33333333
88 88 22.66666667
89 88 1.33333333
90 88 0.66666667
97 88 -2.00000000
98 88 0.33333333
99 88 -2.66666667
100 88 -0.66666667
101 88 -0.66666667
102 88 -20.00000000
181 88 -0.33333333
186 88 -0.66666667
26 89 -0.66666667
28 89 -1.33333333
85 89 -0.33333333
86 89 2.00000000
87 89 2.33333333
88 89 1.33333333
89 89 22.66666667
90 89 0.66666667
99 89 -0.33333333
102 89 -0.66666667
181 89 -2.66666667
182 89 0.33333333
183 89 -2.00000000
184 89 -0.66666667
185 89 -0.66666667
186 89 -20.00000000
25 90 -2.00000000
26 90 -2.00000000
27 90 0.66666667
28 90 -18.66666667
29 90 -1.33333333
30 90 -1.33333333
85 90 2.33333333
86 90 -0.66666667
87 90 2.33333333
88 90 0.66666667
89 90 0.66666667
90 90 21.33333333
97 90 -0.33333333
102 90 -0.66666667
183 90 -0.33333333
186 90 -0.66666667
31 91 -4.83333333
32 91 1.16666667
33 91 0.16666667
34 91 -2.00000000
36 91 -0.66666667
91 91 10.66666667
92 91 -1.33333333
93 91 -1.33333333
94 91 2.33333333
95 91 -0.33333333
96 91 2.33333333
103 91 -5.08333333
104 91 0.08333333
105 91 1.33333333
106 91 -0.33333333
108 91 -2.66666667
187 91 0.08333333
189 91 0.08333333
192 91 0.33333333
31 92 0.16666667
32 92 0.16666667
34 92 0.66666667
91 92 -1.33333333
92 92 10.66666667
93 92 -1.33333333
94 92 2.00000000
95 92 2.00000000
96 92 -0.66666667
103 92 1.16666667
104 92 0.08333333
105 92 -5.08333333
107 92 -0.33333333
108 92 -2.00000000
187 92 -5.08333333
188 92 0.08333333
189 92 1.16666667
190 92 -0.33333333
192 92 -2.00000000
31 93 1.16666667
32 93 -4.83333333
33 93 0.16666667
34 93 -2.00000000
35 93 -0.66666667
91 93 -1.33333333
92 93 -1.33333333
93 93 10.66666667
94 93 -0.33333333
95 93 2.33333333
96 93 2.33333333
103 93 0.08333333
105 93 0.08333333
108 93 0.33333333
187 93 1.33333333
188 93 0.08333333
189 93 -5.08333333
191 93 -0.33333333
192 93 -2.66666667
31 94 -0.66666667
34 94 -1.33333333
91 94 2.33333333
92 94 2.00000000
93 94 -0.33333333
94 94 22.66666667
95 94 1.33333333
96 94 0.66666667
103 94 -2.00000000
104 94 0.33333333
105 94 -2.66666667
106 94 -0.66666667
107 94 -0.66666667
108 94 -20.00000000
187 94 -0.33333333
192 94 -0.66666667
32 95 -0.66666667
34 95 -1.33333333
91 95 -0.33333333
92 95 2.00000000
93 95 2.33333333
94 95 1.33333333
95 95 22.66666667
96 95 0.66666667
105 95 -0.33333333
108 95 -0.66666667
187 95 -2.66666667
188 95 0.33333333
189 95 -2.00000000
190 95 -0.66666667
191 95 -0.66666667
192 95 -20.00000000
31 96 -2.00000000
32 96 -2.00000000
33 96 0.66666667
34 96 -18.66666667
35 96 -1.33333333
36 96 -1.33333333
91 96 2.33333333
92 96 -0.66666667
93 96 2.33333333
94 96 0.66666667
95 96 0.66666667
96 96 21.33333333
103 96 -0.33333333
108 96 -0.66666667
189 96 -0.33333333
192 96 -0.66666667
85 97 -5.08333333
86 97 1.16666667
87 97 0.08333333
88 97 -2.00000000
90 97 -0.33333333
97 97 10.16666667
98 97 -1.25000000
99 97 -1.41666667
100 97 1.66666667
101 97 -0.66666667
102 97 2.33333333
145 97 0.16666667
146 97 0.16666667
148 97 0.66666667
85 98 0.08333333
86 98 0.08333333
88 98 0.33333333
97 98 -1.25000000
98 98 10.66666667
99 98 -1.41666667
100 98 2.00000000
101 98 2.66666667
102 98 -0.33333333
145 98 1.16666667
146 98 -4.83333333
147 98 0.16666667
148 98 -2.00000000
149 98 -0.66666667
85 99 1.33333333
86 99 -5.08333333
87 99 0.08333333
88 99 -2.66666667
89 99 -0.33333333
97 99 -1.41666667
98 99 -1.41666667
99 99 10.66666667
100 99 -0.66666667
101 99 2.33333333
102 99 2.33333333
145 99 -4.83333333
146 99 1.16666667
147 99 0.16666667
148 99 -2.00000000
150 99 -0.66666667
85 100 -0.33333333
88 100 -0.66666667
97 100 1.66666667
98 100 2.00000000
99 100 -0.66666667
100 100 21.33333333
101 100 1.33333333
102 100 2.00000000
146 100 -0.66666667
148 100 -1.33333333
86 101 -0.33333333
88 101 -0.66666667
97 101 -0.66666667
98 101 2.66666667
99 101 2.33333333
100 101 1.33333333
101 101 21.33333333
102 101 0.66666667
145 101 -2.00000000
146 101 -2.00000000
147 101 0.66666667
148 101 -18.66666667
149 101 -1.33333333
150 101 -1.33333333
85 102 -2.66666667
86 102 -2.00000000
87 102 0.33333333
88 102 -20.00000000
89 102 -0.66666667
90 102 -0.66666667
97 102 2.33333333
98 102 -0.33333333
99 102 2.33333333
100 102 2.00000000
101 102 0.66666667
102 102 22.66666667
145 102 -0.66666667
148 102 -1.33333333
91 103 -5.08333333
92 103 1.16666667
93 103 0.08333333
94 103 -2.00000000
96 103 -0.33333333
103 103 10.16666667
104 103 -1.25000000
105 103 -1.41666667
106 103 1.66666667
107 103 -0.66666667
108 103 2.33333333
151 103 0.16666667
152 103 0.16666667
154 103 0.66666667
91 104 0.08333333
92 104 0.08333333
94 104 0.33333333
103 104 -1.25000000
104 104 10.66666667
105 104 -1.41666667
106 104 2.00000000
107 104 2.66666667
108 104 -0.33333333
151 104 1.16666667
152 104 -4.83333333
153 104 0.16666667
154 104 -2.00000000
155 104 -0.66666667
91 105 1.33333333
92 105 -5.08333333
93 105 0.08333333
94 105 -2.66666667
95 105 -0.33333333
103 105 -1.41666667
104 105 -1.41666667
105 105 10.66666667
106 105 -0.66666667
107 105 2.33333333
108 105 2.33333333
151 105 -4.83333333
152 105 1.16666667
153 105 0.16666667
154 105 -2.00000000
156 105 -0.66666667
91 106 -0.33333333
94 106 -0.66666667
103 106 1.66666667
104 106 2.00000000
105 106 -0.66666667
106 106 21.33333333
107 106 1.33333333
108 106 2.00000000
152 106 -0.66666667
154 106 -1.33333333
92 107 -0.33333333
94 107 -0.66666667
103 107 -0.66666667
104 107 2.66666667
105 107 2.33333333
106 107 1.33333333
107 107 21.33333333
108 107 0.66666667
151 107 -2.00000000
152 107 -2.00000000
153 107 0.66666667
154 107 -18.66666667
155 107 -1.33333333
156 107 -1.33333333
91 108 -2.66666667
92 108 -2.00000000
93 108 0.33333333
94 108 -20.00000000
95 108 -0.66666667
96 108 -0.66666667
103 108 2.33333333
104 108 -0.33333333
105 108 2.33333333
106 108 2.00000000
107 108 0.66666667
108 108 22.66666667
151 108 -0.66666667
154 108 -1.33333333
37 109 -5.08333333
38 109 0.08333333
39 109 1.16666667
40 109 -0.33333333
42 109 -2.00000000
109 109 10.16666667
110 109 -1.41666667
111 109 -1.25000000
112 109 2.33333333
113 109 -0.66666667
114 109 1.66666667
157 109 0.16666667
158 109 0.16666667
160 109 0.66666667
37 110 1.33333333
38 110 0.08333333
39 110 -5.08333333
41 110 -0.33333333
42 110 -2.66666667
109 110 -1.41666667
110 110 10.66666667
111 110 -1.41666667
112 110 2.33333333
113 110 2.33333333
114 110 -0.66666667
157 110 1.16666667
158 110 -4.83333333
159 110 0.16666667
160 110 -2.00000000
161 110 -0.66666667
37 111 0.08333333
39 111 0.08333333
42 111 0.33333333
109 111 -1.25000000
110 111 -1.41666667
111 111 10.66666667
112 111 -0.33333333
113 111 2.66666667
114 111 2.00000000
157 111 -4.83333333
158 111 1.16666667
159 111 0.16666667
160 111 -2.00000000
162 111 -0.66666667
37 112 -2.66666667
38 112 0.33333333
39 112 -2.00000000
40 112 -0.66666667
41 112 -0.66666667
42 112 -20.00000000
109 112 2.33333333
110 112 2.33333333
111 112 -0.33333333
112 112 22.66666667
113 112 0.66666667
114 112 2.00000000
158 112 -0.66666667
160 112 -1.33333333
39 113 -0.33333333
42 113 -0.66666667
109 113 -0.66666667
110 113 2.33333333
111 113 2.66666667
112 113 0.66666667
113 113 21.33333333
114 113 1.33333333
157 113 -2.00000000
158 113 -2.00000000
159 113 0.66666667
160 113 -18.66666667
161 113 -1.33333333
162 113 -1.33333333
37 114 -0.33333333
42 114 -0.66666667
109 114 1.66666667
110 114 -0.66666667
111 114 2.00000000
112 114 2.00000000
113 114 1.33333333
114 114 21.33333333
157 114 -0.66666667
160 114 -1.33333333
43 115 -5.08333333
44 115 0.08333333
45 115 1.16666667
46 115 -0.33333333
48 115 -2.00000000
115 115 10.16666667
116 115 -1.41666667
117 115 -1.25000000
118 115 2.33333333
119 115 -0.66666667
120 115 1.66666667
163 115 0.16666667
164 115 0.16666667
166 115 0.66666667
43 116 1.33333333
44 116 0.08333333
45 116 -5.08333333
47 116 -0.33333333
48 116 -2.66666667
115 116 -1.41666667
116 116 10.66666667
117 116 -1.41666667
118 116 2.33333333
119 116 2.33333333
120 116 -0.66666667
163 116 1.16666667
164 116 -4.83333333
165 116 0.16666667
166 116 -2.00000000
167 116 -0.66666667
43 117 0.08333333
45 117 0.08333333
48 117 0.33333333
115 117 -1.25000000
116 117 -1.41666667
117 117 10.66666667
118 117 -0.33333333
119 117 2.66666667
120 117 2.00000000
163 117 -4.83333333
164 117 1.16666667
165 117 0.16666667
166 117 -2.00000000
168 117 -0.66666667
43 118 -2.66666667
44 118 0.33333333
45 118 -2.00000000
46 118 -0.66666667
47 118 -0.66666667
48 118 -20.00000000
115 118 2.33333333
116 118 2.33333333
117 118 -0.33333333
118 118 22.66666667
119 118 0.66666667
120 118 2.00000000
164 118 -0.66666667
166 118 -1.33333333
45 119 -0.33333333
48 119 -0.66666667
115 119 -0.66666667
116 119 2.33333333
117 119 2.66666667
118 119 0.66666667
119 119 21.33333333
120 119 1.33333333
163 119 -2.00000000
164 119 -2.00000000
165 119 0.66666667
166 119 -18.66666667
167 119 -1.33333333
168 119 -1.33333333
43 120 -0.33333333
48 120 -0.66666667
115 120 1.66666667
116 120 -0.66666667
117 120 2.00000000
118 120 2.00000000
119 120 1.33333333
120 120 21.33333333
163 120 -0.66666667
166 120 -1.33333333
121 121 9.66666667
122 121 -1.33333333
123 121 -1.33333333
124 121 2.00000000
125 121 -0.66666667
126 121 2.00000000
169 121 0.16666667
170 121 0.16666667
172 121 0.66666667
121 122 -1.33333333
122 122 10.66666667
123 122 -1.50000000
124 122 2.00000000
125 122 2.66666667
126 122 -0.66666667
169 122 1.16666667
170 122 -4.83333333
171 122 0.16666667
172 122 -2.00000000
173 122 -0.66666667
121 123 -1.33333333
122 123 -1.50000000
123 123 10.66666667
124 123 -0.66666667
125 123 2.66666667
126 123 2.00000000
169 123 -4.83333333
170 123 1.16666667
171 123 0.16666667
172 123 -2.00000000
174 123 -0.66666667
121 124 2.00000000
122 124 2.00000000
123 124 -0.66666667
124 124 21.33333333
125 124 1.33333333
126 124 2.66666667
170 124 -0.66666667
172 124 -1.33333333
121 125 -0.66666667
122 125 2.66666667
123 125 2.66666667
124 125 1.33333333
125 125 21.33333333
126 125 1.33333333
169 125 -2.00000000
170 125 -2.00000000
171 125 0.66666667
172 125 -18.66666667
173 125 -1.33333333
174 125 -1.33333333
121 126 2.00000000
122 126 -0.66666667
123 126 2.00000000
124 126 2.66666667
125 126 1.33333333
126 126 21.33333333
169 126 -0.66666667
172 126 -1.33333333
127 127 9.66666667
128 127 -1.33333333
129 127 -1.33333333
130 127 2.00000000
131 127 -0.66666667
132 127 2.00000000
175 127 0.16666667
176 127 0.16666667
178 127 0.66666667
127 128 -1.33333333
128 128 10.66666667
129 128 -1.50000000
130 128 2.00000000
131 128 2.66666667
132 128 -0.66666667
175 128 1.16666667
176 128 -4.83333333
177 128 0.16666667
178 128 -2.00000000
179 128 -0.66666667
127 129 -1.33333333
128 129 -1.50000000
129 129 10.66666667
130 129 -0.66666667
131 129 2.66666667
132 129 2.00000000
175 129 -4.83333333
176 129 1.16666667
177 129 0.16666667
178 129 -2.00000000
180 129 -0.66666667
127 130 2.00000000
128 130 2.00000000
129 130 -0.66666667
130 130 21.33333333
131 130 1.33333333
132 130 2.66666667
176 130 -0.66666667
178 130 -1.33333333
127 131 -0.66666667
128 131 2.66666667
129 131 2.66666667
130 131 1.33333333
131 131 21.33333333
132 131 1.33333333
175 131 -2.00000000
176 131 -2.00000000
177 131 0.66666667
178 131 -18.66666667
179 131 -1.33333333
180 131 -1.33333333
127 132 2.00000000
128 132 -0.66666667
129 132 2.00000000
130 132 2.66666667
131 132 1.33333333
132 132 21.33333333
175 132 -0.66666667
178 132 -1.33333333
13 133 -5.08333333
14 133 0.08333333
15 133 1.16666667
16 133 -0.33333333
18 133 -2.00000000
49 133 -5.08333333
50 133 1.16666667
51 133 0.08333333
52 133 -2.00000000
54 133 -0.33333333
133 133 10.66666667
134 133 -1.33333333
135 133 -1.33333333
136 133 2.00000000
137 133 -0.66666667
138 133 2.00000000
181 133 0.16666667
182 133 0.16666667
184 133 0.66666667
13 134 1.33333333
14 134 0.08333333
15 134 -5.08333333
17 134 -0.33333333
18 134 -2.66666667
49 134 0.08333333
50 134 0.08333333
52 134 0.33333333
133 134 -1.33333333
134 134 10.66666667
135 134 -1.33333333
136 134 2.33333333
137 134 2.33333333
138 134 -0.33333333
181 134 1.16666667
182 134 -4.83333333
183 134 0.16666667
184 134 -2.00000000
185 134 -0.66666667
13 135 0.08333333
15 135 0.08333333
18 135 0.33333333
49 135 1.33333333
50 135 -5.08333333
51 135 0.08333333
52 135 -2.66666667
53 135 -0.33333333
133 135 -1.33333333
134 135 -1.33333333
135 135 10.66666667
136 135 -0.33333333
137 135 2.33333333
138 135 2.33333333
181 135 -4.83333333
182 135 1.16666667
183 135 0.16666667
184 135 -2.00000000
186 135 -0.66666667
13 136 -2.66666667
14 136 0.33333333
15 136 -2.00000000
16 136 -0.66666667
17 136 -0.66666667
18 136 -20.00000000
49 136 -0.33333333
52 136 -0.66666667
133 136 2.00000000
134 136 2.33333333
135 136 -0.33333333
136 136 22.66666667
137 136 0.66666667
138 136 1.33333333
182 136 -0.66666667
184 136 -1.33333333
15 137 -0.33333333
18 137 -0.66666667
50 137 -0.33333333
52 137 -0.66666667
133 137 -0.66666667
134 137 2.33333333
135 137 2.33333333
136 137 0.66666667
137 137 21.33333333
138 137 0.66666667
181 137 -2.00000000
182 137 -2.00000000
183 137 0.66666667
184 137 -18.66666667
185 137 -1.33333333
186 137 -1.33333333
13 138 -0.33333333
18 138 -0.66666667
49 138 -2.66666667
50 138 -2.00000000
51 138 0.33333333
52 138 -20.00000000
53 138 -0.66666667
54 138 -0.66666667
133 138 2.00000000
134 138 -0.33333333
135 138 2.33333333
136 138 1.33333333
137 138 0.66666667
138 138 22.66666667
181 138 -0.66666667
184 138 -1.33333333
19 139 -5.08333333
20 139 0.08333333
21 139 1.16666667
22 139 -0.33333333
24 139 -2.00000000
55 139 -5.08333333
56 139 1.16666667
57 139 0.08333333
58 139 -2.00000000
60 139 -0.33333333
139 139 10.66666667
140 139 -1.33333333
141 139 -1.33333333
142 139 2.00000000
143 139 -0.66666667
144 139 2.00000000
187 139 0.16666667
188 139 0.16666667
190 139 0.66666667
19 140 1.33333333
20 140 0.08333333
21 140 -5.08333333
23 140 -0.33333333
24 140 -2.66666667
55 140 0.08333333
56 140 0.08333333
58 140 0.33333333
139 140 -1.33333333
140 140 10.66666667
141 140 -1.33333333
142 140 2.33333333
143 140 2.33333333
144 140 -0.33333333
187 140 1.16666667
188 140 -4.83333333
189 140 0.16666667
190 140 -2.00000000
191 140 -0.66666667
19 141 0.08333333
21 141 0.08333333
24 141 0.33333333
55 141 1.33333333
56 141 -5.08333333
57 141 0.08333333
58 141 -2.66666667
59 141 -0.33333333
139 141 -1.33333333
140 141 -1.33333333
141 141 10.66666667
142 141 -0.33333333
143 141 2.33333333
144 141 2.33333333
187 141 -4.83333333
188 141 1.16666667
189 141 0.16666667
190 141 -2.00000000
192 141 -0.66666667
19 142 -2.66666667
20 142 0.33333333
21 142 -2.00000000
22 142 -0.66666667
23 142 -0.66666667
24 142 -20.00000000
55 142 -0.33333333
58 142 -0.66666667
139 142 2.00000000
140 142 2.33333333
141 142 -0.33333333
142 142 22.66666667
143 142 0.66666667
144 142 1.33333333
188 142 -0.66666667
190 142 -1.33333333
21 143 -0.33333333
24 143 -0.66666667
56 143 -0.33333333
58 143 -0.66666667
139 143 -0.66666667
140 143 2.33333333
141 143 2.33333333
142 143 0.66666667
143 143 21.33333333
144 143 0.66666667
187 143 -2.00000000
188 143 -2.00000000
189 143 0.66666667
190 143 -18.66666667
191 143 -1.33333333
192 143 -1.33333333
19 144 -0.33333333
24 144 -0.66666667
55 144 -2.66666667
56 144 -2.00000000
57 144 0.33333333
58 144 -20.00000000
59 144 -0.66666667
60 144 -0.66666667
139 144 2.00000000
140 144 -0.33333333
141 144 2.33333333
142 144 1.33333333
143 144 0.66666667
144 144 22.66666667
187 144 -0.66666667
190 144 -1.33333333
2 145 0.08333333
3 145 0.08333333
5 145 0.33333333
49 145 0.08333333
50 145 -5.08333333
51 145 1.33333333
52 145 -0.33333333
53 145 -2.66666667
97 145 0.16666667
98 145 1.16666667
99 145 -4.83333333
101 145 -2.00000000
102 145 -0.66666667
145 145 10.66666667
146 145 -1.33333333
147 145 -1.33333333
148 145 2.33333333
149 145 -0.33333333
150 145 2.33333333
1 146 0.08333333
2 146 1.33333333
3 146 -5.08333333
5 146 -2.66666667
6 146 -0.33333333
50 146 0.08333333
51 146 0.08333333
53 146 0.33333333
97 146 0.16666667
98 146 -4.83333333
99 146 1.16666667
100 146 -0.66666667
101 146 -2.00000000
145 146 -1.33333333
146 146 10.66666667
147 146 -1.33333333
148 146 2.33333333
149 146 2.33333333
150 146 -0.33333333
1 147 0.08333333
2 147 -5.08333333
3 147 1.16666667
4 147 -0.33333333
5 147 -2.00000000
49 147 0.08333333
50 147 1.16666667
51 147 -5.08333333
53 147 -2.00000000
54 147 -0.33333333
98 147 0.16666667
99 147 0.16666667
101 147 0.66666667
145 147 -1.33333333
146 147 -1.33333333
147 147 10.66666667
148 147 -0.66666667
149 147 2.00000000
150 147 2.00000000
3 148 -0.33333333
5 148 -0.66666667
50 148 -0.33333333
53 148 -0.66666667
97 148 0.66666667
98 148 -2.00000000
99 148 -2.00000000
100 148 -1.33333333
101 148 -18.66666667
102 148 -1.33333333
145 148 2.33333333
146 148 2.33333333
147 148 -0.66666667
148 148 21.33333333
149 148 0.66666667
150 148 0.66666667
1 149 0.33333333
2 149 -2.66666667
3 149 -2.00000000
4 149 -0.66666667
5 149 -20.00000000
6 149 -0.66666667
51 149 -0.33333333
53 149 -0.66666667
98 149 -0.66666667
101 149 -1.33333333
145 149 -0.33333333
146 149 2.33333333
147 149 2.00000000
148 149 0.66666667
149 149 22.66666667
150 149 1.33333333
2 150 -0.33333333
5 150 -0.66666667
49 150 0.33333333
50 150 -2.00000000
51 150 -2.66666667
52 150 -0.66666667
53 150 -20.00000000
54 150 -0.66666667
99 150 -0.66666667
101 150 -1.33333333
145 150 2.33333333
146 150 -0.33333333
147 150 2.00000000
148 150 0.66666667
149 150 1.33333333
150 150 22.66666667
8 151 0.08333333
9 151 0.08333333
11 151 0.33333333
55 151 0.08333333
56 151 -5.08333333
57 151 1.33333333
58 151 -0.33333333
59 151 -2.66666667
103 151 0.16666667
104 151 1.16666667
105 151 -4.83333333
107 151 -2.00000000
108 151 -0.66666667
151 151 10.66666667
152 151 -1.33333333
153 151 -1.33333333
154 151 2.33333333
155 151 -0.33333333
156 151 2.33333333
7 152 0.08333333
8 152 1.33333333
9 152 -5.08333333
11 152 -2.66666667
12 152 -0.33333333
56 152 0.08333333
57 152 0.08333333
59 152 0.33333333
103 152 0.16666667
104 152 -4.83333333
105 152 1.16666667
106 152 -0.66666667
107 152 -2.00000000
151 152 -1.33333333
152 152 10.66666667
153 152 -1.33333333
154 152 2.33333333
155 152 2.33333333
156 152 -0.33333333
7 153 0.08333333
8 153 -5.08333333
9 153 1.16666667
10 153 -0.33333333
11 153 -2.00000000
55 153 0.08333333
56 153 1.16666667
57 153 -5.08333333
59 153 -2.00000000
60 153 -0.33333333
104 153 0.16666667
105 153 0.16666667
107 153 0.66666667
151 153 -1.33333333
152 153 -1.33333333
153 153 10.66666667
154 153 -0.66666667
155 153 2.00000000
156 153 2.00000000
9 154 -0.33333333
11 154 -0.66666667
56 154 -0.33333333
59 154 -0.66666667
103 154 0.66666667
104 154 -2.00000000
105 154 -2.00000000
106 154 -1.33333333
107 154 -18.66666667
108 154 -1.33333333
151 154 2.33333333
152 154 2.33333333
153 154 -0.66666667
154 154 21.33333333
155 154 0.66666667
156 154 0.66666667
7 155 0.33333333
8 155 -2.66666667
9 155 -2.00000000
10 155 -0.66666667
11 155 -20.00000000
12 155 -0.66666667
57 155 -0.33333333
59 155 -0.66666667
104 155 -0.66666667
107 155 -1.33333333
151 155 -0.33333333
152 155 2.33333333
153 155 2.00000000
154 155 0.66666667
155 155 22.66666667
156 155 1.33333333
8 156 -0.33333333
11 156 -0.66666667
55 156 0.33333333
56 156 -2.00000000
57 156 -2.66666667
58 156 -0.66666667
59 156 -20.00000000
60 156 -0.66666667
105 156 -0.66666667
107 156 -1.33333333
151 156 2.33333333
152 156 -0.33333333
153 156 2.00000000
154 156 0.66666667
155 156 1.33333333
156 156 22.66666667
14 157 0.08333333
15 157 0.08333333
17 157 0.33333333
61 157 0.08333333
62 157 -5.08333333
63 157 1.33333333
64 157 -0.33333333
65 157 -2.66666667
109 157 0.16666667
110 157 1.16666667
111 157 -4.83333333
113 157 -2.00000000
114 157 -0.66666667
157 157 10.66666667
158 157 -1.33333333
159 157 -1.33333333
160 157 2.33333333
161 157 -0.33333333
162 157 2.33333333
13 158 0.08333333
14 158 1.33333333
15 158 -5.08333333
17 158 -2.66666667
18 158 -0.33333333
62 158 0.08333333
63 158 0.08333333
65 158 0.33333333
109 158 0.16666667
110 158 -4.83333333
111 158 1.16666667
112 158 -0.66666667
113 158 -2.00000000
157 158 -1.33333333
158 158 10.66666667
159 158 -1.33333333
160 158 2.33333333
161 158 2.33333333
162 158 -0.33333333
13 159 0.08333333
14 159 -5.08333333
15 159 1.16666667
16 159 -0.33333333
17 159 -2.00000000
61 159 0.08333333
62 159 1.16666667
63 159 -5.08333333
65 159 -2.00000000
66 159 -0.33333333
110 159 0.16666667
111 159 0.16666667
113 159 0.66666667
157 159 -1.33333333
158 159 -1.33333333
159 159 10.66666667
160 159 -0.66666667
161 159 2.00000000
162 159 2.00000000
15 160 -0.33333333
17 160 -0.66666667
62 160 -0.33333333
65 160 -0.66666667
109 160 0.66666667
110 160 -2.00000000
111 160 -2.00000000
112 160 -1.33333333
113 160 -18.66666667
114 160 -1.33333333
157 160 2.33333333
158 160 2.33333333
159 160 -0.66666667
160 160 21.33333333
161 160 0.66666667
162 160 0.66666667
13 161 0.33333333
14 161 -2.66666667
15 161 -2.00000000
16 161 -0.66666667
17 161 -20.00000000
18 161 -0.66666667
63 161 -0.33333333
65 161 -0.66666667
110 161 -0.66666667
113 161 -1.33333333
157 161 -0.33333333
158 161 2.33333333
159 161 2.00000000
160 161 0.66666667
161 161 22.66666667
162 161 1.33333333
14 162 -0.33333333
17 162 -0.66666667
61 162 0.33333333
62 162 -2.00000000
63 162 -2.66666667
64 162 -0.66666667
65 162 -20.00000000
66 162 -0.66666667
111 162 -0.66666667
113 162 -1.33333333
157 162 2.33333333
158 162 -0.33333333
159 162 2.00000000
160 162 0.66666667
161 162 1.33333333
162 162 22.66666667
20 163 0.08333333
21 163 0.08333333
23 163 0.33333333
67 163 0.08333333
68 163 -5.08333333
69 163 1.33333333
70 163 -0.33333333
71 163 -2.66666667
115 163 0.16666667
116 163 1.16666667
117 163 -4.83333333
119 163 -2.00000000
120 163 -0.66666667
163 163 10.66666667
164 163 -1.33333333
165 163 -1.33333333
166 163 2.33333333
167 163 -0.33333333
168 163 2.33333333
19 164 0.08333333
20 164 1.33333333
21 164 -5.08333333
23 164 -2.66666667
24 164 -0.33333333
68 164 0.08333333
69 164 0.08333333
71 164 0.33333333
115 164 0.16666667
116 164 -4.83333333
117 164 1.16666667
118 164 -0.66666667
119 164 -2.00000000
163 164 -1.33333333
164 164 10.66666667
165 164 -1.33333333
166 164 2.33333333
167 164 2.33333333
168 164 -0.33333333
19 165 0.08333333
20 165 -5.08333333
21 165 1.16666667
22 165 -0.33333333
23 165 -2.00000000
67 165 0.08333333
68 165 1.16666667
69 165 -5.08333333
71 165 -2.00000000
72 165 -0.33333333
116 165 0.16666667
117 165 0.16666667
119 165 0.66666667
163 165 -1.33333333
164 165 -1.33333333
165 165 10.66666667
166 165 -0.66666667
167 165 2.00000000
168 165 2.00000000
21 166 -0.33333333
23 166 -0.66666667
68 166 -0.33333333
71 166 -0.66666667
115 166 0.66666667
116 166 -2.00000000
117 166 -2.00000000
118 166 -1.33333333
119 166 -18.66666667
120 166 -1.33333333
163 166 2.33333333
164 166 2.33333333
165 166 -0.66666667
166 166 21.33333333
167 166 0.66666667
168 166 0.66666667
19 167 0.33333333
20 167 -2.66666667
21 167 -2.00000000
22 167 -0.66666667
23 167 -20.00000000
24 167 -0.66666667
69 167 -0.33333333
71 167 -0.66666667
116 167 -0.66666667
119 167 -1.33333333
163 167 -0.33333333
164 167 2.33333333
165 167 2.00000000
166 167 0.66666667
167 167 22.66666667
168 167 1.33333333
20 168 -0.33333333
23 168 -0.66666667
67 168 0.33333333
68 168 -2.00000000
69 168 -2.66666667
70 168 -0.66666667
71 168 -20.00000000
72 168 -0.66666667
117 168 -0.66666667
119 168 -1.33333333
163 168 2.33333333
164 168 -0.33333333
165 168 2.00000000
166 168 0.66666667
167 168 1.33333333
168 168 22.66666667
26 169 0.08333333
27 169 0.08333333
29 169 0.33333333
73 169 0.08333333
74 169 -5.08333333
75 169 1.33333333
76 169 -0.33333333
77 169 -2.66666667
121 169 0.16666667
122 169 1.16666667
123 169 -4.83333333
125 169 -2.00000000
126 169 -0.66666667
169 169 10.66666667
170 169 -1.33333333
171 169 -1.33333333
172 169 2.33333333
173 169 -0.33333333
174 169 2.33333333
25 170 0.08333333
26 170 1.33333333
27 170 -5.08333333
29 170 -2.66666667
30 170 -0.33333333
74 170 0.08333333
75 170 0.08333333
77 170 0.33333333
121 170 0.16666667
122 170 -4.83333333
123 170 1.16666667
124 170 -0.66666667
125 170 -2.00000000
169 170 -1.33333333
170 170 10.66666667
171 170 -1.33333333
172 170 2.33333333
173 170 2.33333333
174 170 -0.33333333
25 171 0.08333333
26 171 -5.08333333
27 171 1.16666667
28 171 -0.33333333
29 171 -2.00000000
73 171 0.08333333
74 171 1.16666667
75 171 -5.08333333
77 171 -2.00000000
78 171 -0.33333333
122 171 0.16666667
123 171 0.16666667
125 171 0.66666667
169 171 -1.33333333
170 171 -1.33333333
171 171 10.66666667
172 171 -0.66666667
173 171 2.00000000
174 171 2.00000000
27 172 -0.33333333
29 172 -0.66666667
74 172 -0.33333333
77 172 -0.66666667
121 172 0.66666667
122 172 -2.00000000
123 172 -2.00000000
124 172 -1.33333333
125 172 -18.66666667
126 172 -1.33333333
169 172 2.33333333
170 172 2.33333333
171 172 -0.66666667
172 172 21.33333333
173 172 0.66666667
174 172 0.66666667
25 173 0.33333333
26 173 -2.66666667
27 173 -2.00000000
28 173 -0.66666667
29 173 -20.00000000
30 173 -0.66666667
75 173 -0.33333333
77 173 -0.66666667
122 173 -0.66666667
125 173 -1.33333333
169 173 -0.33333333
170 173 2.33333333
171 173 2.00000000
172 173 0.66666667
173 173 22.66666667
174 173 1.33333333
26 174 -0.33333333
29 174 -0.66666667
73 174 0.33333333
74 174 -2.00000000
75 174 -2.66666667
76 174 -0.66666667
77 174 -20.00000000
78 174 -0.66666667
123 174 -0.66666667
125 174 -1.33333333
169 174 2.33333333
170 174 -0.33333333
171 174 2.00000000
172 174 0.66666667
173 174 1.33333333
174 174 22.66666667
32 175 0.08333333
33 175 0.08333333
35 175 0.33333333
79 175 0.08333333
80 175 -5.08333333
81 175 1.33333333
82 175 -0.33333333
83 175 -2.66666667
127 175 0.16666667
128 175 1.16666667
129 175 -4.83333333
131 175 -2.00000000
132 175 -0.66666667
175 175 10.66666667
176 175 -1.33333333
177 175 -1.33333333
178 175 2.33333333
179 175 -0.33333333
180 175 2.33333333
31 176 0.08333333
32 176 1.33333333
33 176 -5.08333333
35 176 -2.66666667
36 176 -0.33333333
80 176 0.08333333
81 176 0.08333333
83 176 0.33333333
127 176 0.16666667
128 176 -4.83333333
129 176 1.16666667
130 176 -0.66666667
131 176 -2.00000000
175 176 -1.33333333
176 176 10.66666667
177 176 -1.33333333
178 176 2.33333333
179 176 2.33333333
180 176 -0.33333333
31 177 0.08333333
32 177 -5.08333333
33 177 1.16666667
34 177 -0.33333333
35 177 -2.00000000
79 177 0.08333333
80 177 1.16666667
81 177 -5.08333333
83 177 -2.00000000
84 177 -0.33333333
128 177 0.16666667
129 177 0.16666667
131 177 0.66666667
175 177 -1.33333333
176 177 -1.33333333
177 177 10.66666667
178 177 -0.66666667
179 177 2.00000000
180 177 2.00000000
33 178 -0.33333333
35 178 -0.66666667
80 178 -0.33333333
83 178 -0.66666667
127 178 0.66666667
128 178 -2.00000000
129 178 -2.00000000
130 178 -1.33333333
131 178 -18.66666667
132 178 -1.33333333
175 178 2.33333333
176 178 2.33333333
177 178 -0.66666667
178 178 21.33333333
179 178 0.66666667
180 178 0.66666667
31 179 0.33333333
32 179 -2.66666667
33 179 -2.00000000
34 179 -0.66666667
35 179 -20.00000000
36 179 -0.66666667
81 179 -0.33333333
83 179 -0.66666667
128 179 -0.66666667
131 179 -1.33333333
175 179 -0.33333333
176 179 2.33333333
177 179 2.00000000
178 179 0.66666667
179 179 22.66666667
180 179 1.33333333
32 180 -0.33333333
35 180 -0.66666667
79 180 0.33333333
80 180 -2.00000000
81 180 -2.66666667
82 180 -0.66666667
83 180 -20.00000000
84 180 -0.66666667
129 180 -0.66666667
131 180 -1.33333333
175 180 2.33333333
176 180 -0.33333333
177 180 2.00000000
178 180 0.66666667
179 180 1.33333333
180 180 22.66666667
38 181 0.08333333
39 181 0.08333333
41 181 0.33333333
85 181 0.08333333
86 181 -5.08333333
87 181 1.33333333
88 181 -0.33333333
89 181 -2.66666667
133 181 0.16666667
134 181 1.16666667
135 181 -4.83333333
137 181 -2.00000000
138 181 -0.66666667
181 181 10.66666667
182 181 -1.33333333
183 181 -1.33333333
184 181 2.33333333
185 181 -0.33333333
186 181 2.33333333
37 182 0.08333333
38 182 1.33333333
39 182 -5.08333333
41 182 -2.66666667
42 182 -0.33333333
86 182 0.08333333
87 182 0.08333333
89 182 0.33333333
133 182 0.16666667
134 182 -4.83333333
135 182 1.16666667
136 182 -0.66666667
137 182 -2.00000000
181 182 -1.33333333
182 182 10.66666667
183 182 -1.33333333
184 182 2.33333333
185 182 2.33333333
186 182 -0.33333333
37 183 0.08333333
38 183 -5.08333333
39 183 1.16666667
40 183 -0.33333333
41 183 -2.00000000
85 183 0.08333333
86 183 1.16666667
87 183 -5.08333333
89 183 -2.00000000
90 183 -0.33333333
134 183 0.16666667
135 183 0.16666667
137 183 0.66666667
181 183 -1.33333333
182 183 -1.33333333
183 183 10.66666667
184 183 -0.66666667
185 183 2.00000000
186 183 2.00000000
39 184 -0.33333333
41 184 -0.66666667
86 184 -0.33333333
89 184 -0.66666667
133 184 0.66666667
134 184 -2.00000000
135 184 -2.00000000
136 184 -1.33333333
137 184 -18.66666667
138 184 -1.33333333
181 184 2.33333333
182 184 2.33333333
183 184 -0.66666667
184 184 21.33333333
185 184 0.66666667
186 184 0.66666667
37 185 0.33333333
38 185 -2.66666667
39 185 -2.00000000
40 185 -0.66666667
41 185 -20.00000000
42 185 -0.66666667
87 185 -0.33333333
89 185 -0.66666667
134 185 -0.66666667
137 185 -1.33333333
181 185 -0.33333333
182 185 2.33333333
183 185 2.00000000
184 185 0.66666667
185 185 22.66666667
186 185 1.33333333
38 186 -0.33333333
41 186 -0.66666667
85 186 0.33333333
86 186 -2.00000000
87 186 -2.66666667
88 186 -0.66666667
89 186 -20.00000000
90 186 -0.66666667
135 186 -0.66666667
137 186 -1.33333333
181 186 2.33333333
182 186 -0.33333333
183 186 2.00000000
184 186 0.66666667
185 186 1.33333333
186 186 22.66666667
44 187 0.08333333
45 187 0.08333333
47 187 0.33333333
91 187 0.08333333
92 187 -5.08333333
93 187 1.33333333
94 187 -0.33333333
95 187 -2.66666667
139 187 0.16666667
140 187 1.16666667
141 187 -4.83333333
143 187 -2.00000000
144 187 -0.66666667
187 187 10.66666667
188 187 -1.33333333
189 187 -1.33333333
190 187 2.33333333
191 187 -0.33333333
192 187 2.33333333
43 188 0.08333333
44 188 1.33333333
45 188 -5.08333333
47 188 -2.66666667
48 188 -0.33333333
92 188 0.08333333
93 188 0.08333333
95 188 0.33333333
139 188 0.16666667
140 188 -4.83333333
141 188 1.16666667
142 188 -0.66666667
143 188 -2.00000000
187 188 -1.33333333
188 188 10.66666667
189 188 -1.33333333
190 188 2.33333333
191 188 2.33333333
192 188 -0.33333333
43 189 0.08333333
44 189 -5.08333333
45 189 1.16666667
46 189 -0.33333333
47 189 -2.00000000
91 189 0.08333333
92 189 1.16666667
93 189 -5.08333333
95 189 -2.00000000
96 189 -0.33333333
140 189 0.16666667
141 189 0.16666667
143 189 0.66666667
187 189 -1.33333333
188 189 -1.33333333
189 189 10.66666667
190 189 -0.66666667
191 189 2.00000000
192 189 2.00000000
45 190 -0.33333333
47 190 -0.66666667
92 190 -0.33333333
95 190 -0.66666667
139 190 0.66666667
140 190 -2.00000000
141 190 -2.00000000
142 190 -1.33333333
143 190 -18.66666667
144 190 -1.33333333
187 190 2.33333333
188 190 2.33333333
189 190 -0.66666667
190 190 21.33333333
191 190 0.66666667
192 190 0.66666667
43 191 0.33333333
44 191 -2.66666667
45 191 -2.00000000
46 191 -0.66666667
47 191 -20.00000000
48 191 -0.66666667
93 191 -0.33333333
95 191 -0.66666667
140 191 -0.66666667
143 191 -1.33333333
187 191 -0.33333333
188 191 2.33333333
189 191 2.00000000
190 191 0.66666667
191 191 22.66666667
192 191 1.33333333
44 192 -0.33333333
47 192 -0.66666667
91 192 0.33333333
92 192 -2.00000000
93 192 -2.66666667
94 192 -0.66666667
95 192 -20.00000000
96 192 -0.66666667
141 192 -0.66666667
143 192 -1.33333333
187 192 2.33333333
188 192 -0.33333333
189 192 2.00000000
190 192 0.66666667
191 192 1.33333333
192 192 22.66666667
