48 48 656
1 1 10.66666667
2 1 -1.41666667
3 1 -1.25000000
4 1 2.66666667
5 1 -0.33333333
6 1 2.00000000
19 1 -4.83333333
20 1 0.16666667
21 1 1.16666667
22 1 -0.66666667
24 1 -2.00000000
38 1 0.08333333
39 1 0.08333333
41 1 0.33333333
1 2 -1.41666667
2 2 10.66666667
3 2 -1.41666667
4 2 2.33333333
5 2 2.33333333
6 2 -0.66666667
19 2 1.16666667
20 2 0.16666667
21 2 -4.83333333
23 2 -0.66666667
24 2 -2.00000000
37 2 0.08333333
38 2 1.33333333
39 2 -5.08333333
41 2 -2.66666667
42 2 -0.33333333
1 3 -1.25000000
2 3 -1.41666667
3 3 10.16666667
4 3 -0.66666667
5 3 2.33333333
6 3 1.66666667
19 3 0.16666667
21 3 0.16666667
24 3 0.66666667
37 3 0.08333333
38 3 -5.08333333
39 3 1.16666667
40 3 -0.33333333
41 3 -2.00000000
1 4 2.66666667
2 4 2.33333333
3 4 -0.66666667
4 4 21.33333333
5 4 0.66666667
6 4 1.33333333
19 4 -2.00000000
20 4 0.66666667
21 4 -2.00000000
22 4 -1.33333333
23 4 -1.33333333
24 4 -18.66666667
39 4 -0.33333333
41 4 -0.66666667
1 5 -0.33333333
2 5 2.33333333
3 5 2.33333333
4 5 0.66666667
5 5 22.66666667
6 5 2.00000000
21 5 -0.66666667
24 5 -1.33333333
37 5 0.33333333
38 5 -2.66666667
39 5 -2.00000000
40 5 -0.66666667
41 5 -20.00000000
42 5 -0.66666667
1 6 2.00000000
2 6 -0.66666667
3 6 1.66666667
4 6 1.33333333
5 6 2.00000000
6 6 21.33333333
19 6 -0.66666667
24 6 -1.33333333
38 6 -0.33333333
41 6 -0.66666667
7 7 10.66666667
8 7 -1.41666667
9 7 -1.25000000
10 7 2.66666667
11 7 -0.33333333
12 7 2.00000000
13 7 -4.83333333
14 7 0.16666667
15 7 1.16666667
16 7 -0.66666667
18 7 -2.00000000
44 7 0.08333333
45 7 0.08333333
47 7 0.33333333
7 8 -1.41666667
8 8 10.66666667
9 8 -1.41666667
10 8 2.33333333
11 8 2.33333333
12 8 -0.66666667
13 8 1.16666667
14 8 0.16666667
15 8 -4.83333333
17 8 -0.66666667
18 8 -2.00000000
43 8 0.08333333
44 8 1.33333333
45 8 -5.08333333
47 8 -2.66666667
48 8 -0.33333333
7 9 -1.25000000
8 9 -1.41666667
9 9 10.16666667
10 9 -0.66666667
11 9 2.33333333
12 9 1.66666667
13 9 0.16666667
15 9 0.16666667
18 9 0.66666667
43 9 0.08333333
44 9 -5.08333333
45 9 1.16666667
46 9 -0.33333333
47 9 -2.00000000
7 10 2.66666667
8 10 2.33333333
9 10 -0.66666667
10 10 21.33333333
11 10 0.66666667
12 10 1.33333333
13 10 -2.00000000
14 10 0.66666667
15 10 -2.00000000
16 10 -1.33333333
17 10 -1.33333333
18 10 -18.66666667
45 10 -0.33333333
47 10 -0.66666667
7 11 -0.33333333
8 11 2.33333333
9 11 2.33333333
10 11 0.66666667
11 11 22.66666667
12 11 2.00000000
15 11 -0.66666667
18 11 -1.33333333
43 11 0.33333333
44 11 -2.66666667
45 11 -2.00000000
46 11 -0.66666667
47 11 -20.00000000
48 11 -0.66666667
7 12 2.00000000
8 12 -0.66666667
9 12 1.66666667
10 12 1.33333333
11 12 2.00000000
12 12 21.33333333
13 12 -0.66666667
18 12 -1.33333333
44 12 -0.33333333
47 12 -0.66666667
7 13 -4.83333333
8 13 1.16666667
9 13 0.16666667
10 13 -2.00000000
12 13 -0.66666667
13 13 10.66666667
14 13 -1.25000000
15 13 -1.41666667
16 13 2.00000000
17 13 -0.33333333
18 13 2.66666667
37 13 0.08333333
39 13 0.08333333
42 13 0.33333333
7 14 0.16666667
8 14 0.16666667
10 14 0.66666667
13 14 -1.25000000
14 14 10.16666667
15 14 -1.41666667
16 14 1.66666667
17 14 2.33333333
18 14 -0.66666667
37 14 -5.08333333
38 14 0.08333333
39 14 1.16666667
40 14 -0.33333333
42 14 -2.00000000
7 15 1.16666667
8 15 -4.83333333
9 15 0.16666667
10 15 -2.00000000
11 15 -0.66666667
13 15 -1.41666667
14 15 -1.41666667
15 15 10.66666667
16 15 -0.66666667
17 15 2.33333333
18 15 2.33333333
37 15 1.33333333
38 15 0.08333333
39 15 -5.08333333
41 15 -0.33333333
42 15 -2.66666667
7 16 -0.66666667
10 16 -1.33333333
13 16 2.00000000
14 16 1.66666667
15 16 -0.66666667
16 16 21.33333333
17 16 2.00000000
18 16 1.33333333
37 16 -0.33333333
42 16 -0.66666667
8 17 -0.66666667
10 17 -1.33333333
13 17 -0.33333333
14 17 2.33333333
15 17 2.33333333
16 17 2.00000000
17 17 22.66666667
18 17 0.66666667
37 17 -2.66666667
38 17 0.33333333
39 17 -2.00000000
40 17 -0.66666667
41 17 -0.66666667
42 17 -20.00000000
7 18 -2.00000000
8 18 -2.00000000
9 18 0.66666667
10 18 -18.66666667
11 18 -1.33333333
12 18 -1.33333333
13 18 2.66666667
14 18 -0.66666667
15 18 2.33333333
16 18 1.33333333
17 18 0.66666667
18 18 21.33333333
39 18 -0.33333333
42 18 -0.66666667
1 19 -4.83333333
2 19 1.16666667
3 19 0.16666667
4 19 -2.00000000
6 19 -0.66666667
19 19 10.66666667
20 19 -1.25000000
21 19 -1.41666667
22 19 2.00000000
23 19 -0.33333333
24 19 2.66666667
43 19 0.08333333
45 19 0.08333333
48 19 0.33333333
1 20 0.16666667
2 20 0.16666667
4 20 0.66666667
19 20 -1.25000000
20 20 10.16666667
21 20 -1.41666667
22 20 1.66666667
23 20 2.33333333
24 20 -0.66666667
43 20 -5.08333333
44 20 0.08333333
45 20 1.16666667
46 20 -0.33333333
48 20 -2.00000000
1 21 1.16666667
2 21 -4.83333333
3 21 0.16666667
4 21 -2.00000000
5 21 -0.66666667
19 21 -1.41666667
20 21 -1.41666667
21 21 10.66666667
22 21 -0.66666667
23 21 2.33333333
24 21 2.33333333
43 21 1.33333333
44 21 0.08333333
45 21 -5.08333333
47 21 -0.33333333
48 21 -2.66666667
1 22 -0.66666667
4 22 -1.33333333
19 22 2.00000000
20 22 1.66666667
21 22 -0.66666667
22 22 21.33333333
23 22 2.00000000
24 22 1.33333333
43 22 -0.33333333
48 22 -0.66666667
2 23 -0.66666667
4 23 -1.33333333
19 23 -0.33333333
20 23 2.33333333
21 23 2.33333333
22 23 2.00000000
23 23 22.66666667
24 23 0.66666667
43 23 -2.66666667
44 23 0.33333333
45 23 -2.00000000
46 23 -0.66666667
47 23 -0.66666667
48 23 -20.00000000
1 24 -2.00000000
2 24 -2.00000000
3 24 0.66666667
4 24 -18.66666667
5 24 -1.33333333
6 24 -1.33333333
19 24 2.66666667
20 24 -0.66666667
21 24 2.33333333
22 24 1.33333333
23 24 0.66666667
24 24 21.33333333
45 24 -0.33333333
48 24 -0.66666667
25 25 9.66666667
26 25 -1.33333333
27 25 -1.33333333
28 25 2.00000000
29 25 -0.66666667
30 25 2.00000000
37 25 0.16666667
38 25 0.16666667
40 25 0.66666667
25 26 -1.33333333
26 26 10.66666667
27 26 -1.50000000
28 26 2.00000000
29 26 2.66666667
30 26 -0.66666667
37 26 1.16666667
38 26 -4.83333333
39 26 0.16666667
40 26 -2.00000000
41 26 -0.66666667
25 27 -1.33333333
26 27 -1.50000000
27 27 10.66666667
28 27 -0.66666667
29 27 2.66666667
30 27 2.00000000
37 27 -4.83333333
38 27 1.16666667
39 27 0.16666667
40 27 -2.00000000
42 27 -0.66666667
25 28 2.00000000
26 28 2.00000000
27 28 -0.66666667
28 28 21.33333333
29 28 1.33333333
30 28 2.66666667
38 28 -0.66666667
40 28 -1.33333333
25 29 -0.66666667
26 29 2.66666667
27 29 2.66666667
28 29 1.33333333
29 29 21.33333333
30 29 1.33333333
37 29 -2.00000000
38 29 -2.00000000
39 29 0.66666667
40 29 -18.66666667
41 29 -1.33333333
42 29 -1.33333333
25 30 2.00000000
26 30 -0.66666667
27 30 2.00000000
28 30 2.66666667
29 30 1.33333333
30 30 21.33333333
37 30 -0.66666667
40 30 -1.33333333
31 31 9.66666667
32 31 -1.33333333
33 31 -1.33333333
34 31 2.00000000
35 31 -0.66666667
36 31 2.00000000
43 31 0.16666667
44 31 0.16666667
46 31 0.66666667
31 32 -1.33333333
32 32 10.66666667
33 32 -1.50000000
34 32 2.00000000
35 32 2.66666667
36 32 -0.66666667
43 32 1.16666667
44 32 -4.83333333
45 32 0.16666667
46 32 -2.00000000
47 32 -0.66666667
31 33 -1.33333333
32 33 -1.50000000
33 33 10.66666667
34 33 -0.66666667
35 33 2.66666667
36 33 2.00000000
43 33 -4.83333333
44 33 1.16666667
45 33 0.16666667
46 33 -2.00000000
48 33 -0.66666667
31 34 2.00000000
32 34 2.00000000
33 34 -0.66666667
34 34 21.33333333
35 34 1.33333333
36 34 2.66666667
44 34 -0.66666667
46 34 -1.33333333
31 35 -0.66666667
32 35 2.66666667
33 35 2.66666667
34 35 1.33333333
35 35 21.33333333
36 35 1.33333333
43 35 -2.00000000
44 35 -2.00000000
45 35 0.66666667
46 35 -18.66666667
47 35 -1.33333333
48 35 -1.33333333
31 36 2.00000000
32 36 -0.66666667
33 36 2.00000000
34 36 2.66666667
35 36 1.33333333
36 36 21.33333333
43 36 -0.66666667
46 36 -1.33333333
2 37 0.08333333
3 37 0.08333333
5 37 0.33333333
13 37 0.08333333
14 37 -5.08333333
15 37 1.33333333
16 37 -0.33333333
17 37 -2.66666667
25 37 0.16666667
26 37 1.16666667
27 37 -4.83333333
29 37 -2.00000000
30 37 -0.66666667
37 37 10.66666667
38 37 -1.33333333
39 37 -1.33333333
40 37 2.33333333
41 37 -0.33333333
42 37 2.33333333
1 38 0.08333333
2 38 1.33333333
3 38 -5.08333333
5 38 -2.66666667
6 38 -0.33333333
14 38 0.08333333
15 38 0.08333333
17 38 0.33333333
25 38 0.16666667
26 38 -4.83333333
27 38 1.16666667
28 38 -0.66666667
29 38 -2.00000000
37 38 -1.33333333
38 38 10.66666667
39 38 -1.33333333
40 38 2.33333333
41 38 2.33333333
42 38 -0.33333333
1 39 0.08333333
2 39 -5.08333333
3 39 1.16666667
4 39 -0.33333333
5 39 -2.00000000
13 39 0.08333333
14 39 1.16666667
15 39 -5.08333333
17 39 -2.00000000
18 39 -0.33333333
26 39 0.16666667
27 39 0.16666667
29 39 0.66666667
37 39 -1.33333333
38 39 -1.33333333
39 39 10.66666667
40 39 -0.66666667
41 39 2.00000000
42 39 2.00000000
3 40 -0.33333333
5 40 -0.66666667
14 40 -0.33333333
17 40 -0.66666667
25 40 0.66666667
26 40 -2.00000000
27 40 -2.00000000
28 40 -1.33333333
29 40 -18.66666667
30 40 -1.33333333
37 40 2.33333333
38 40 2.33333333
39 40 -0.66666667
40 40 21.33333333
41 40 0.66666667
42 40 0.66666667
1 41 0.33333333
2 41 -2.66666667
3 41 -2.00000000
4 41 -0.66666667
5 41 -20.00000000
6 41 -0.66666667
15 41 -0.33333333
17 41 -0.66666667
26 41 -0.66666667
29 41 -1.33333333
37 41 -0.33333333
38 41 2.33333333
39 41 2.00000000
40 41 0.66666667
41 41 22.66666667
42 41 1.33333333
2 42 -0.33333333
5 42 -0.66666667
13 42 0.33333333
14 42 -2.00000000
15 42 -2.66666667
16 42 -0.66666667
17 42 -20.00000000
18 42 -0.66666667
27 42 -0.66666667
29 42 -1.33333333
37 42 2.33333333
38 42 -0.33333333
39 42 2.00000000
40 42 0.66666667
41 42 1.33333333
42 42 22.66666667
8 43 0.08333333
9 43 0.08333333
11 43 0.33333333
19 43 0.08333333
20 43 -5.08333333
21 43 1.33333333
22 43 -0.33333333
23 43 -2.66666667
31 43 0.16666667
32 43 1.16666667
33 43 -4.83333333
35 43 -2.00000000
36 43 -0.66666667
43 43 10.66666667
44 43 -1.33333333
45 43 -1.33333333
46 43 2.33333333
47 43 -0.33333333
48 43 2.33333333
7 44 0.08333333
8 44 1.33333333
9 44 -5.08333333
11 44 -2.66666667
12 44 -0.33333333
20 44 0.08333333
21 44 0.08333333
23 44 0.33333333
31 44 0.16666667
32 44 -4.83333333
33 44 1.16666667
34 44 -0.66666667
35 44 -2.00000000
43 44 -1.33333333
44 44 10.66666667
45 44 -1.33333333
46 44 2.33333333
47 44 2.33333333
48 44 -0.33333333
7 45 0.08333333
8 45 -5.08333333
9 45 1.16666667
10 45 -0.33333333
11 45 -2.00000000
19 45 0.08333333
20 45 1.16666667
21 45 -5.08333333
23 45 -2.00000000
24 45 -0.33333333
32 45 0.16666667
33 45 0.16666667
35 45 0.66666667
43 45 -1.33333333
44 45 -1.33333333
45 45 10.66666667
46 45 -0.66666667
47 45 2.00000000
48 45 2.00000000
9 46 -0.33333333
11 46 -0.66666667
20 46 -0.33333333
23 46 -0.66666667
31 46 0.66666667
32 46 -2.00000000
33 46 -2.00000000
34 46 -1.33333333
35 46 -18.66666667
36 46 -1.33333333
43 46 2.33333333
44 46 2.33333333
45 46 -0.66666667
46 46 21.33333333
47 46 0.66666667
48 46 0.66666667
7 47 0.33333333
8 47 -2.66666667
9 47 -2.00000000
10 47 -0.66666667
11 47 -20.00000000
12 47 -0.66666667
21 47 -0.33333333
23 47 -0.66666667
32 47 -0.66666667
35 47 -1.33333333
43 47 -0.33333333
44 47 2.33333333
45 47 2.00000000
46 47 0.66666667
47 47 22.66666667
48 47 1.33333333
8 48 -0.33333333
11 48 -0.66666667
19 48 0.33333333
20 48 -2.00000000
21 48 -2.66666667
22 48 -0.66666667
23 48 -20.00000000
24 48 -0.66666667
33 48 -0.66666667
35 48 -1.33333333
43 48 2.33333333
44 48 -0.33333333
45 48 2.00000000
46 48 0.66666667
47 48 1.33333333
48 48 22.66666667
