24 24 200
1 1 6.66666667
2 1 1.91666667
3 1 1.41666667
10 1 -2.83333333
11 1 -0.50000000
12 1 -1.16666667
20 1 -0.25000000
21 1 -0.25000000
1 2 1.91666667
2 2 6.66666667
3 2 1.91666667
10 2 -1.16666667
11 2 -0.50000000
12 2 -2.83333333
19 2 -0.25000000
20 2 -1.66666667
21 2 -3.08333333
1 3 1.41666667
2 3 1.91666667
3 3 6.16666667
10 3 -0.50000000
12 3 -0.50000000
19 3 -0.25000000
20 3 -3.08333333
21 3 -1.16666667
4 4 6.66666667
5 4 1.91666667
6 4 1.41666667
7 4 -2.83333333
8 4 -0.50000000
9 4 -1.16666667
23 4 -0.25000000
24 4 -0.25000000
4 5 1.91666667
5 5 6.66666667
6 5 1.91666667
7 5 -1.16666667
8 5 -0.50000000
9 5 -2.83333333
22 5 -0.25000000
23 5 -1.66666667
24 5 -3.08333333
4 6 1.41666667
5 6 1.91666667
6 6 6.16666667
7 6 -0.50000000
9 6 -0.50000000
22 6 -0.25000000
23 6 -3.08333333
24 6 -1.16666667
4 7 -2.83333333
5 7 -1.16666667
6 7 -0.50000000
7 7 6.66666667
8 7 1.41666667
9 7 1.91666667
19 7 -0.25000000
21 7 -0.25000000
4 8 -0.50000000
5 8 -0.50000000
7 8 1.41666667
8 8 6.16666667
9 8 1.91666667
19 8 -3.08333333
20 8 -0.25000000
21 8 -1.16666667
4 9 -1.16666667
5 9 -2.83333333
6 9 -0.50000000
7 9 1.91666667
8 9 1.91666667
9 9 6.66666667
19 9 -1.66666667
20 9 -0.25000000
21 9 -3.08333333
1 10 -2.83333333
2 10 -1.16666667
3 10 -0.50000000
10 10 6.66666667
11 10 1.41666667
12 10 1.91666667
22 10 -0.25000000
24 10 -0.25000000
1 11 -0.50000000
2 11 -0.50000000
10 11 1.41666667
11 11 6.16666667
12 11 1.91666667
22 11 -3.08333333
23 11 -0.25000000
24 11 -1.16666667
1 12 -1.16666667
2 12 -2.83333333
3 12 -0.50000000
10 12 1.91666667
11 12 1.91666667
12 12 6.66666667
22 12 -1.66666667
23 12 -0.25000000
24 12 -3.08333333
13 13 5.66666667
14 13 1.66666667
15 13 1.66666667
19 13 -0.50000000
20 13 -0.50000000
13 14 1.66666667
14 14 6.66666667
15 14 2.16666667
19 14 -1.16666667
20 14 -2.83333333
21 14 -0.50000000
13 15 1.66666667
14 15 2.16666667
15 15 6.66666667
19 15 -2.83333333
20 15 -1.16666667
21 15 -0.50000000
16 16 5.66666667
17 16 1.66666667
18 16 1.66666667
22 16 -0.50000000
23 16 -0.50000000
16 17 1.66666667
17 17 6.66666667
18 17 2.16666667
22 17 -1.16666667
23 17 -2.83333333
24 17 -0.50000000
16 18 1.66666667
17 18 2.16666667
18 18 6.66666667
22 18 -2.83333333
23 18 -1.16666667
24 18 -0.50000000
2 19 -0.25000000
3 19 -0.25000000
7 19 -0.25000000
8 19 -3.08333333
9 19 -1.66666667
13 19 -0.50000000
14 19 -1.16666667
15 19 -2.83333333
19 19 6.66666667
20 19 1.66666667
21 19 1.66666667
1 20 -0.25000000
2 20 -1.66666667
3 20 -3.08333333
8 20 -0.25000000
9 20 -0.25000000
13 20 -0.50000000
14 20 -2.83333333
15 20 -1.16666667
19 20 1.66666667
20 20 6.66666667
21 20 1.66666667
1 21 -0.25000000
2 21 -3.08333333
3 21 -1.16666667
7 21 -0.25000000
8 21 -1.16666667
9 21 -3.08333333
14 21 -0.50000000
15 21 -0.50000000
19 21 1.66666667
20 21 1.66666667
21 21 6.66666667
5 22 -0.25000000
6 22 -0.25000000
10 22 -0.25000000
11 22 -3.08333333
12 22 -1.66666667
16 22 -0.50000000
17 22 -1.16666667
18 22 -2.83333333
22 22 6.66666667
23 22 1.66666667
24 22 1.66666667
4 23 -0.25000000
5 23 -1.66666667
6 23 -3.08333333
11 23 -0.25000000
12 23 -0.25000000
16 23 -0.50000000
17 23 -2.83333333
18 23 -1.16666667
22 23 1.66666667
23 23 6.66666667
24 23 1.66666667
4 24 -0.25000000
5 24 -3.08333333
6 24 -1.16666667
10 24 -0.25000000
11 24 -1.16666667
12 24 -3.08333333
17 24 -0.50000000
18 24 -0.50000000
22 24 1.66666667
23 24 1.66666667
24 24 6.66666667
