96 96 928
1 1 6.66666667
2 1 1.91666667
3 1 1.41666667
34 1 -2.83333333
35 1 -0.50000000
36 1 -1.16666667
74 1 -0.25000000
75 1 -0.25000000
1 2 1.91666667
2 2 6.66666667
3 2 1.91666667
34 2 -1.16666667
35 2 -0.50000000
36 2 -2.83333333
73 2 -0.25000000
74 2 -1.66666667
75 2 -3.08333333
1 3 1.41666667
2 3 1.91666667
3 3 6.16666667
34 3 -0.50000000
36 3 -0.50000000
73 3 -0.25000000
74 3 -3.08333333
75 3 -1.16666667
4 4 6.66666667
5 4 1.91666667
6 4 1.41666667
31 4 -2.83333333
32 4 -0.50000000
33 4 -1.16666667
77 4 -0.25000000
78 4 -0.25000000
4 5 1.91666667
5 5 6.66666667
6 5 1.91666667
31 5 -1.16666667
32 5 -0.50000000
33 5 -2.83333333
76 5 -0.25000000
77 5 -1.66666667
78 5 -3.08333333
4 6 1.41666667
5 6 1.91666667
6 6 6.16666667
31 6 -0.50000000
33 6 -0.50000000
76 6 -0.25000000
77 6 -3.08333333
78 6 -1.16666667
7 7 6.66666667
8 7 1.66666667
9 7 1.66666667
28 7 -2.83333333
29 7 -0.50000000
30 7 -1.16666667
67 7 -3.08333333
68 7 -1.66666667
69 7 -0.25000000
80 7 -0.25000000
81 7 -0.25000000
7 8 1.66666667
8 8 6.66666667
9 8 1.66666667
28 8 -1.16666667
29 8 -0.50000000
30 8 -2.83333333
67 8 -0.25000000
68 8 -0.25000000
79 8 -0.25000000
80 8 -1.66666667
81 8 -3.08333333
7 9 1.66666667
8 9 1.66666667
9 9 6.66666667
28 9 -0.50000000
30 9 -0.50000000
67 9 -1.16666667
68 9 -3.08333333
69 9 -0.25000000
79 9 -0.25000000
80 9 -3.08333333
81 9 -1.16666667
10 10 6.66666667
11 10 1.66666667
12 10 1.66666667
25 10 -2.83333333
26 10 -0.50000000
27 10 -1.16666667
70 10 -3.08333333
71 10 -1.66666667
72 10 -0.25000000
83 10 -0.25000000
84 10 -0.25000000
10 11 1.66666667
11 11 6.66666667
12 11 1.66666667
25 11 -1.16666667
26 11 -0.50000000
27 11 -2.83333333
70 11 -0.25000000
71 11 -0.25000000
82 11 -0.25000000
83 11 -1.66666667
84 11 -3.08333333
10 12 1.66666667
11 12 1.66666667
12 12 6.66666667
25 12 -0.50000000
27 12 -0.50000000
70 12 -1.16666667
71 12 -3.08333333
72 12 -0.25000000
82 12 -0.25000000
83 12 -3.08333333
84 12 -1.16666667
13 13 6.66666667
14 13 1.91666667
15 13 1.41666667
43 13 -2.83333333
44 13 -0.50000000
45 13 -1.16666667
86 13 -0.25000000
87 13 -0.25000000
13 14 1.91666667
14 14 6.66666667
15 14 1.91666667
43 14 -1.16666667
44 14 -0.50000000
45 14 -2.83333333
85 14 -0.25000000
86 14 -1.66666667
87 14 -3.08333333
13 15 1.41666667
14 15 1.91666667
15 15 6.16666667
43 15 -0.50000000
45 15 -0.50000000
85 15 -0.25000000
86 15 -3.08333333
87 15 -1.16666667
16 16 6.66666667
17 16 1.91666667
18 16 1.41666667
46 16 -2.83333333
47 16 -0.50000000
48 16 -1.16666667
89 16 -0.25000000
90 16 -0.25000000
16 17 1.91666667
17 17 6.66666667
18 17 1.91666667
46 17 -1.16666667
47 17 -0.50000000
48 17 -2.83333333
88 17 -0.25000000
89 17 -1.66666667
90 17 -3.08333333
16 18 1.41666667
17 18 1.91666667
18 18 6.16666667
46 18 -0.50000000
48 18 -0.50000000
88 18 -0.25000000
89 18 -3.08333333
90 18 -1.16666667
19 19 6.66666667
20 19 1.66666667
21 19 1.66666667
37 19 -2.83333333
38 19 -0.50000000
39 19 -1.16666667
55 19 -3.08333333
56 19 -1.66666667
57 19 -0.25000000
92 19 -0.25000000
93 19 -0.25000000
19 20 1.66666667
20 20 6.66666667
21 20 1.66666667
37 20 -1.16666667
38 20 -0.50000000
39 20 -2.83333333
55 20 -0.25000000
56 20 -0.25000000
91 20 -0.25000000
92 20 -1.66666667
93 20 -3.08333333
19 21 1.66666667
20 21 1.66666667
21 21 6.66666667
37 21 -0.50000000
39 21 -0.50000000
55 21 -1.16666667
56 21 -3.08333333
57 21 -0.25000000
91 21 -0.25000000
92 21 -3.08333333
93 21 -1.16666667
22 22 6.66666667
23 22 1.66666667
24 22 1.66666667
40 22 -2.83333333
41 22 -0.50000000
42 22 -1.16666667
58 22 -3.08333333
59 22 -1.66666667
60 22 -0.25000000
95 22 -0.25000000
96 22 -0.25000000
22 23 1.66666667
23 23 6.66666667
24 23 1.66666667
40 23 -1.16666667
41 23 -0.50000000
42 23 -2.83333333
58 23 -0.25000000
59 23 -0.25000000
94 23 -0.25000000
95 23 -1.66666667
96 23 -3.08333333
22 24 1.66666667
23 24 1.66666667
24 24 6.66666667
40 24 -0.50000000
42 24 -0.50000000
58 24 -1.16666667
59 24 -3.08333333
60 24 -0.25000000
94 24 -0.25000000
95 24 -3.08333333
96 24 -1.16666667
10 25 -2.83333333
11 25 -1.16666667
12 25 -0.50000000
25 25 6.66666667
26 25 1.66666667
27 25 1.66666667
67 25 -3.08333333
68 25 -0.25000000
69 25 -1.66666667
73 25 -0.25000000
75 25 -0.25000000
10 26 -0.50000000
11 26 -0.50000000
25 26 1.66666667
26 26 6.66666667
27 26 1.66666667
67 26 -1.16666667
68 26 -0.25000000
69 26 -3.08333333
73 26 -3.08333333
74 26 -0.25000000
75 26 -1.16666667
10 27 -1.16666667
11 27 -2.83333333
12 27 -0.50000000
25 27 1.66666667
26 27 1.66666667
27 27 6.66666667
67 27 -0.25000000
69 27 -0.25000000
73 27 -1.66666667
74 27 -0.25000000
75 27 -3.08333333
7 28 -2.83333333
8 28 -1.16666667
9 28 -0.50000000
28 28 6.66666667
29 28 1.66666667
30 28 1.66666667
70 28 -3.08333333
71 28 -0.25000000
72 28 -1.66666667
76 28 -0.25000000
78 28 -0.25000000
7 29 -0.50000000
8 29 -0.50000000
28 29 1.66666667
29 29 6.66666667
30 29 1.66666667
70 29 -1.16666667
71 29 -0.25000000
72 29 -3.08333333
76 29 -3.08333333
77 29 -0.25000000
78 29 -1.16666667
7 30 -1.16666667
8 30 -2.83333333
9 30 -0.50000000
28 30 1.66666667
29 30 1.66666667
30 30 6.66666667
70 30 -0.25000000
72 30 -0.25000000
76 30 -1.66666667
77 30 -0.25000000
78 30 -3.08333333
4 31 -2.83333333
5 31 -1.16666667
6 31 -0.50000000
31 31 6.66666667
32 31 1.41666667
33 31 1.91666667
79 31 -0.25000000
81 31 -0.25000000
4 32 -0.50000000
5 32 -0.50000000
31 32 1.41666667
32 32 6.16666667
33 32 1.91666667
79 32 -3.08333333
80 32 -0.25000000
81 32 -1.16666667
4 33 -1.16666667
5 33 -2.83333333
6 33 -0.50000000
31 33 1.91666667
32 33 1.91666667
33 33 6.66666667
79 33 -1.66666667
80 33 -0.25000000
81 33 -3.08333333
1 34 -2.83333333
2 34 -1.16666667
3 34 -0.50000000
34 34 6.66666667
35 34 1.41666667
36 34 1.91666667
82 34 -0.25000000
84 34 -0.25000000
1 35 -0.50000000
2 35 -0.50000000
34 35 1.41666667
35 35 6.16666667
36 35 1.91666667
82 35 -3.08333333
83 35 -0.25000000
84 35 -1.16666667
1 36 -1.16666667
2 36 -2.83333333
3 36 -0.50000000
34 36 1.91666667
35 36 1.91666667
36 36 6.66666667
82 36 -1.66666667
83 36 -0.25000000
84 36 -3.08333333
19 37 -2.83333333
20 37 -1.16666667
21 37 -0.50000000
37 37 6.66666667
38 37 1.41666667
39 37 1.91666667
85 37 -0.25000000
87 37 -0.25000000
19 38 -0.50000000
20 38 -0.50000000
37 38 1.41666667
38 38 6.16666667
39 38 1.91666667
85 38 -3.08333333
86 38 -0.25000000
87 38 -1.16666667
19 39 -1.16666667
20 39 -2.83333333
21 39 -0.50000000
37 39 1.91666667
38 39 1.91666667
39 39 6.66666667
85 39 -1.66666667
86 39 -0.25000000
87 39 -3.08333333
22 40 -2.83333333
23 40 -1.16666667
24 40 -0.50000000
40 40 6.66666667
41 40 1.41666667
42 40 1.91666667
88 40 -0.25000000
90 40 -0.25000000
22 41 -0.50000000
23 41 -0.50000000
40 41 1.41666667
41 41 6.16666667
42 41 1.91666667
88 41 -3.08333333
89 41 -0.25000000
90 41 -1.16666667
22 42 -1.16666667
23 42 -2.83333333
24 42 -0.50000000
40 42 1.91666667
41 42 1.91666667
42 42 6.66666667
88 42 -1.66666667
89 42 -0.25000000
90 42 -3.08333333
13 43 -2.83333333
14 43 -1.16666667
15 43 -0.50000000
43 43 6.66666667
44 43 1.66666667
45 43 1.66666667
49 43 -3.08333333
50 43 -0.25000000
51 43 -1.66666667
91 43 -0.25000000
93 43 -0.25000000
13 44 -0.50000000
14 44 -0.50000000
43 44 1.66666667
44 44 6.66666667
45 44 1.66666667
49 44 -1.16666667
50 44 -0.25000000
51 44 -3.08333333
91 44 -3.08333333
92 44 -0.25000000
93 44 -1.16666667
13 45 -1.16666667
14 45 -2.83333333
15 45 -0.50000000
43 45 1.66666667
44 45 1.66666667
45 45 6.66666667
49 45 -0.25000000
51 45 -0.25000000
91 45 -1.66666667
92 45 -0.25000000
93 45 -3.08333333
16 46 -2.83333333
17 46 -1.16666667
18 46 -0.50000000
46 46 6.66666667
47 46 1.66666667
48 46 1.66666667
52 46 -3.08333333
53 46 -0.25000000
54 46 -1.66666667
94 46 -0.25000000
96 46 -0.25000000
16 47 -0.50000000
17 47 -0.50000000
46 47 1.66666667
47 47 6.66666667
48 47 1.66666667
52 47 -1.16666667
53 47 -0.25000000
54 47 -3.08333333
94 47 -3.08333333
95 47 -0.25000000
96 47 -1.16666667
16 48 -1.16666667
17 48 -2.83333333
18 48 -0.50000000
46 48 1.66666667
47 48 1.66666667
48 48 6.66666667
52 48 -0.25000000
54 48 -0.25000000
94 48 -1.66666667
95 48 -0.25000000
96 48 -3.08333333
43 49 -3.08333333
44 49 -1.16666667
45 49 -0.25000000
49 49 6.16666667
50 49 1.41666667
51 49 1.91666667
73 49 -0.50000000
74 49 -0.50000000
43 50 -0.25000000
44 50 -0.25000000
49 50 1.41666667
50 50 6.66666667
51 50 1.91666667
73 50 -1.16666667
74 50 -2.83333333
75 50 -0.50000000
43 51 -1.66666667
44 51 -3.08333333
45 51 -0.25000000
49 51 1.91666667
50 51 1.91666667
51 51 6.66666667
73 51 -2.83333333
74 51 -1.16666667
75 51 -0.50000000
46 52 -3.08333333
47 52 -1.16666667
48 52 -0.25000000
52 52 6.16666667
53 52 1.41666667
54 52 1.91666667
76 52 -0.50000000
77 52 -0.50000000
46 53 -0.25000000
47 53 -0.25000000
52 53 1.41666667
53 53 6.66666667
54 53 1.91666667
76 53 -1.16666667
77 53 -2.83333333
78 53 -0.50000000
46 54 -1.66666667
47 54 -3.08333333
48 54 -0.25000000
52 54 1.91666667
53 54 1.91666667
54 54 6.66666667
76 54 -2.83333333
77 54 -1.16666667
78 54 -0.50000000
19 55 -3.08333333
20 55 -0.25000000
21 55 -1.16666667
55 55 6.16666667
56 55 1.91666667
57 55 1.41666667
79 55 -0.50000000
80 55 -0.50000000
19 56 -1.66666667
20 56 -0.25000000
21 56 -3.08333333
55 56 1.91666667
56 56 6.66666667
57 56 1.91666667
79 56 -1.16666667
80 56 -2.83333333
81 56 -0.50000000
19 57 -0.25000000
21 57 -0.25000000
55 57 1.41666667
56 57 1.91666667
57 57 6.66666667
79 57 -2.83333333
80 57 -1.16666667
81 57 -0.50000000
22 58 -3.08333333
23 58 -0.25000000
24 58 -1.16666667
58 58 6.16666667
59 58 1.91666667
60 58 1.41666667
82 58 -0.50000000
83 58 -0.50000000
22 59 -1.66666667
23 59 -0.25000000
24 59 -3.08333333
58 59 1.91666667
59 59 6.66666667
60 59 1.91666667
82 59 -1.16666667
83 59 -2.83333333
84 59 -0.50000000
22 60 -0.25000000
24 60 -0.25000000
58 60 1.41666667
59 60 1.91666667
60 60 6.66666667
82 60 -2.83333333
83 60 -1.16666667
84 60 -0.50000000
61 61 5.66666667
62 61 1.66666667
63 61 1.66666667
85 61 -0.50000000
86 61 -0.50000000
61 62 1.66666667
62 62 6.66666667
63 62 2.16666667
85 62 -1.16666667
86 62 -2.83333333
87 62 -0.50000000
61 63 1.66666667
62 63 2.16666667
63 63 6.66666667
85 63 -2.83333333
86 63 -1.16666667
87 63 -0.50000000
64 64 5.66666667
65 64 1.66666667
66 64 1.66666667
88 64 -0.50000000
89 64 -0.50000000
64 65 1.66666667
65 65 6.66666667
66 65 2.16666667
88 65 -1.16666667
89 65 -2.83333333
90 65 -0.50000000
64 66 1.66666667
65 66 2.16666667
66 66 6.66666667
88 66 -2.83333333
89 66 -1.16666667
90 66 -0.50000000
7 67 -3.08333333
8 67 -0.25000000
9 67 -1.16666667
25 67 -3.08333333
26 67 -1.16666667
27 67 -0.25000000
67 67 6.66666667
68 67 1.66666667
69 67 1.66666667
91 67 -0.50000000
92 67 -0.50000000
7 68 -1.66666667
8 68 -0.25000000
9 68 -3.08333333
25 68 -0.25000000
26 68 -0.25000000
67 68 1.66666667
68 68 6.66666667
69 68 1.66666667
91 68 -1.16666667
92 68 -2.83333333
93 68 -0.50000000
7 69 -0.25000000
9 69 -0.25000000
25 69 -1.66666667
26 69 -3.08333333
27 69 -0.25000000
67 69 1.66666667
68 69 1.66666667
69 69 6.66666667
91 69 -2.83333333
92 69 -1.16666667
93 69 -0.50000000
10 70 -3.08333333
11 70 -0.25000000
12 70 -1.16666667
28 70 -3.08333333
29 70 -1.16666667
30 70 -0.25000000
70 70 6.66666667
71 70 1.66666667
72 70 1.66666667
94 70 -0.50000000
95 70 -0.50000000
10 71 -1.66666667
11 71 -0.25000000
12 71 -3.08333333
28 71 -0.25000000
29 71 -0.25000000
70 71 1.66666667
71 71 6.66666667
72 71 1.66666667
94 71 -1.16666667
95 71 -2.83333333
96 71 -0.50000000
10 72 -0.25000000
12 72 -0.25000000
28 72 -1.66666667
29 72 -3.08333333
30 72 -0.25000000
70 72 1.66666667
71 72 1.66666667
72 72 6.66666667
94 72 -2.83333333
95 72 -1.16666667
96 72 -0.50000000
2 73 -0.25000000
3 73 -0.25000000
25 73 -0.25000000
26 73 -3.08333333
27 73 -1.66666667
49 73 -0.50000000
50 73 -1.16666667
51 73 -2.83333333
73 73 6.66666667
74 73 1.66666667
75 73 1.66666667
1 74 -0.25000000
2 74 -1.66666667
3 74 -3.08333333
26 74 -0.25000000
27 74 -0.25000000
49 74 -0.50000000
50 74 -2.83333333
51 74 -1.16666667
73 74 1.66666667
74 74 6.66666667
75 74 1.66666667
1 75 -0.25000000
2 75 -3.08333333
3 75 -1.16666667
25 75 -0.25000000
26 75 -1.16666667
27 75 -3.08333333
50 75 -0.50000000
51 75 -0.50000000
73 75 1.66666667
74 75 1.66666667
75 75 6.66666667
5 76 -0.25000000
6 76 -0.25000000
28 76 -0.25000000
29 76 -3.08333333
30 76 -1.66666667
52 76 -0.50000000
53 76 -1.16666667
54 76 -2.83333333
76 76 6.66666667
77 76 1.66666667
78 76 1.66666667
4 77 -0.25000000
5 77 -1.66666667
6 77 -3.08333333
29 77 -0.25000000
30 77 -0.25000000
52 77 -0.50000000
53 77 -2.83333333
54 77 -1.16666667
76 77 1.66666667
77 77 6.66666667
78 77 1.66666667
4 78 -0.25000000
5 78 -3.08333333
6 78 -1.16666667
28 78 -0.25000000
29 78 -1.16666667
30 78 -3.08333333
53 78 -0.50000000
54 78 -0.50000000
76 78 1.66666667
77 78 1.66666667
78 78 6.66666667
8 79 -0.25000000
9 79 -0.25000000
31 79 -0.25000000
32 79 -3.08333333
33 79 -1.66666667
55 79 -0.50000000
56 79 -1.16666667
57 79 -2.83333333
79 79 6.66666667
80 79 1.66666667
81 79 1.66666667
7 80 -0.25000000
8 80 -1.66666667
9 80 -3.08333333
32 80 -0.25000000
33 80 -0.25000000
55 80 -0.50000000
56 80 -2.83333333
57 80 -1.16666667
79 80 1.66666667
80 80 6.66666667
81 80 1.66666667
7 81 -0.25000000
8 81 -3.08333333
9 81 -1.16666667
31 81 -0.25000000
32 81 -1.16666667
33 81 -3.08333333
56 81 -0.50000000
57 81 -0.50000000
79 81 1.66666667
80 81 1.66666667
81 81 6.66666667
11 82 -0.25000000
12 82 -0.25000000
34 82 -0.25000000
35 82 -3.08333333
36 82 -1.66666667
58 82 -0.50000000
59 82 -1.16666667
60 82 -2.83333333
82 82 6.66666667
83 82 1.66666667
84 82 1.66666667
10 83 -0.25000000
11 83 -1.66666667
12 83 -3.08333333
35 83 -0.25000000
36 83 -0.25000000
58 83 -0.50000000
59 83 -2.83333333
60 83 -1.16666667
82 83 1.66666667
83 83 6.66666667
84 83 1.66666667
10 84 -0.25000000
11 84 -3.08333333
12 84 -1.16666667
34 84 -0.25000000
35 84 -1.16666667
36 84 -3.08333333
59 84 -0.50000000
60 84 -0.50000000
82 84 1.66666667
83 84 1.66666667
84 84 6.66666667
14 85 -0.25000000
15 85 -0.25000000
37 85 -0.25000000
38 85 -3.08333333
39 85 -1.66666667
61 85 -0.50000000
62 85 -1.16666667
63 85 -2.83333333
85 85 6.66666667
86 85 1.66666667
87 85 1.66666667
13 86 -0.25000000
14 86 -1.66666667
15 86 -3.08333333
38 86 -0.25000000
39 86 -0.25000000
61 86 -0.50000000
62 86 -2.83333333
63 86 -1.16666667
85 86 1.66666667
86 86 6.66666667
87 86 1.66666667
13 87 -0.25000000
14 87 -3.08333333
15 87 -1.16666667
37 87 -0.25000000
38 87 -1.16666667
39 87 -3.08333333
62 87 -0.50000000
63 87 -0.50000000
85 87 1.66666667
86 87 1.66666667
87 87 6.66666667
17 88 -0.25000000
18 88 -0.25000000
40 88 -0.25000000
41 88 -3.08333333
42 88 -1.66666667
64 88 -0.50000000
65 88 -1.16666667
66 88 -2.83333333
88 88 6.66666667
89 88 1.66666667
90 88 1.66666667
16 89 -0.25000000
17 89 -1.66666667
18 89 -3.08333333
41 89 -0.25000000
42 89 -0.25000000
64 89 -0.50000000
65 89 -2.83333333
66 89 -1.16666667
88 89 1.66666667
89 89 6.66666667
90 89 1.66666667
16 90 -0.25000000
17 90 -3.08333333
18 90 -1.16666667
40 90 -0.25000000
41 90 -1.16666667
42 90 -3.08333333
65 90 -0.50000000
66 90 -0.50000000
88 90 1.66666667
89 90 1.66666667
90 90 6.66666667
20 91 -0.25000000
21 91 -0.25000000
43 91 -0.25000000
44 91 -3.08333333
45 91 -1.66666667
67 91 -0.50000000
68 91 -1.16666667
69 91 -2.83333333
91 91 6.66666667
92 91 1.66666667
93 91 1.66666667
19 92 -0.25000000
20 92 -1.66666667
21 92 -3.08333333
44 92 -0.25000000
45 92 -0.25000000
67 92 -0.50000000
68 92 -2.83333333
69 92 -1.16666667
91 92 1.66666667
92 92 6.66666667
93 92 1.66666667
19 93 -0.25000000
20 93 -3.08333333
21 93 -1.16666667
43 93 -0.25000000
44 93 -1.16666667
45 93 -3.08333333
68 93 -0.50000000
69 93 -0.50000000
91 93 1.66666667
92 93 1.66666667
93 93 6.66666667
23 94 -0.25000000
24 94 -0.25000000
46 94 -0.25000000
47 94 -3.08333333
48 94 -1.66666667
70 94 -0.50000000
71 94 -1.16666667
72 94 -2.83333333
94 94 6.66666667
95 94 1.66666667
96 94 1.66666667
22 95 -0.25000000
23 95 -1.66666667
24 95 -3.08333333
47 95 -0.25000000
48 95 -0.25000000
70 95 -0.50000000
71 95 -2.83333333
72 95 -1.16666667
94 95 1.66666667
95 95 6.66666667
96 95 1.66666667
22 96 -0.25000000
23 96 -3.08333333
24 96 -1.16666667
46 96 -0.25000000
47 96 -1.16666667
48 96 -3.08333333
71 96 -0.50000000
72 96 -0.50000000
94 96 1.66666667
95 96 1.66666667
96 96 6.66666667
