384 384 3968
1 1 6.66666667
2 1 1.91666667
3 1 1.41666667
130 1 -2.83333333
131 1 -0.50000000
132 1 -1.16666667
290 1 -0.25000000
291 1 -0.25000000
1 2 1.91666667
2 2 6.66666667
3 2 1.91666667
130 2 -1.16666667
131 2 -0.50000000
132 2 -2.83333333
289 2 -0.25000000
290 2 -1.66666667
291 2 -3.08333333
1 3 1.41666667
2 3 1.91666667
3 3 6.16666667
130 3 -0.50000000
132 3 -0.50000000
289 3 -0.25000000
290 3 -3.08333333
291 3 -1.16666667
4 4 6.66666667
5 4 1.91666667
6 4 1.41666667
127 4 -2.83333333
128 4 -0.50000000
129 4 -1.16666667
293 4 -0.25000000
294 4 -0.25000000
4 5 1.91666667
5 5 6.66666667
6 5 1.91666667
127 5 -1.16666667
128 5 -0.50000000
129 5 -2.83333333
292 5 -0.25000000
293 5 -1.66666667
294 5 -3.08333333
4 6 1.41666667
5 6 1.91666667
6 6 6.16666667
127 6 -0.50000000
129 6 -0.50000000
292 6 -0.25000000
293 6 -3.08333333
294 6 -1.16666667
7 7 6.66666667
8 7 1.66666667
9 7 1.66666667
124 7 -2.83333333
125 7 -0.50000000
126 7 -1.16666667
259 7 -3.08333333
260 7 -1.66666667
261 7 -0.25000000
296 7 -0.25000000
297 7 -0.25000000
7 8 1.66666667
8 8 6.66666667
9 8 1.66666667
124 8 -1.16666667
125 8 -0.50000000
126 8 -2.83333333
259 8 -0.25000000
260 8 -0.25000000
295 8 -0.25000000
296 8 -1.66666667
297 8 -3.08333333
7 9 1.66666667
8 9 1.66666667
9 9 6.66666667
124 9 -0.50000000
126 9 -0.50000000
259 9 -1.16666667
260 9 -3.08333333
261 9 -0.25000000
295 9 -0.25000000
296 9 -3.08333333
297 9 -1.16666667
10 10 6.66666667
11 10 1.66666667
12 10 1.66666667
121 10 -2.83333333
122 10 -0.50000000
123 10 -1.16666667
262 10 -3.08333333
263 10 -1.66666667
264 10 -0.25000000
299 10 -0.25000000
300 10 -0.25000000
10 11 1.66666667
11 11 6.66666667
12 11 1.66666667
121 11 -1.16666667
122 11 -0.50000000
123 11 -2.83333333
262 11 -0.25000000
263 11 -0.25000000
298 11 -0.25000000
299 11 -1.66666667
300 11 -3.08333333
10 12 1.66666667
11 12 1.66666667
12 12 6.66666667
121 12 -0.50000000
123 12 -0.50000000
262 12 -1.16666667
263 12 -3.08333333
264 12 -0.25000000
298 12 -0.25000000
299 12 -3.08333333
300 12 -1.16666667
13 13 6.66666667
14 13 1.91666667
15 13 1.41666667
139 13 -2.83333333
140 13 -0.50000000
141 13 -1.16666667
302 13 -0.25000000
303 13 -0.25000000
13 14 1.91666667
14 14 6.66666667
15 14 1.91666667
139 14 -1.16666667
140 14 -0.50000000
141 14 -2.83333333
301 14 -0.25000000
302 14 -1.66666667
303 14 -3.08333333
13 15 1.41666667
14 15 1.91666667
15 15 6.16666667
139 15 -0.50000000
141 15 -0.50000000
301 15 -0.25000000
302 15 -3.08333333
303 15 -1.16666667
16 16 6.66666667
17 16 1.91666667
18 16 1.41666667
142 16 -2.83333333
143 16 -0.50000000
144 16 -1.16666667
305 16 -0.25000000
306 16 -0.25000000
16 17 1.91666667
17 17 6.66666667
18 17 1.91666667
142 17 -1.16666667
143 17 -0.50000000
144 17 -2.83333333
304 17 -0.25000000
305 17 -1.66666667
306 17 -3.08333333
16 18 1.41666667
17 18 1.91666667
18 18 6.16666667
142 18 -0.50000000
144 18 -0.50000000
304 18 -0.25000000
305 18 -3.08333333
306 18 -1.16666667
19 19 6.66666667
20 19 1.66666667
21 19 1.66666667
133 19 -2.83333333
134 19 -0.50000000
135 19 -1.16666667
247 19 -3.08333333
248 19 -1.66666667
249 19 -0.25000000
308 19 -0.25000000
309 19 -0.25000000
19 20 1.66666667
20 20 6.66666667
21 20 1.66666667
133 20 -1.16666667
134 20 -0.50000000
135 20 -2.83333333
247 20 -0.25000000
248 20 -0.25000000
307 20 -0.25000000
308 20 -1.66666667
309 20 -3.08333333
19 21 1.66666667
20 21 1.66666667
21 21 6.66666667
133 21 -0.50000000
135 21 -0.50000000
247 21 -1.16666667
248 21 -3.08333333
249 21 -0.25000000
307 21 -0.25000000
308 21 -3.08333333
309 21 -1.16666667
22 22 6.66666667
23 22 1.66666667
24 22 1.66666667
136 22 -2.83333333
137 22 -0.50000000
138 22 -1.16666667
250 22 -3.08333333
251 22 -1.66666667
252 22 -0.25000000
311 22 -0.25000000
312 22 -0.25000000
22 23 1.66666667
23 23 6.66666667
24 23 1.66666667
136 23 -1.16666667
137 23 -0.50000000
138 23 -2.83333333
250 23 -0.25000000
251 23 -0.25000000
310 23 -0.25000000
311 23 -1.66666667
312 23 -3.08333333
22 24 1.66666667
23 24 1.66666667
24 24 6.66666667
136 24 -0.50000000
138 24 -0.50000000
250 24 -1.16666667
251 24 -3.08333333
252 24 -0.25000000
310 24 -0.25000000
311 24 -3.08333333
312 24 -1.16666667
25 25 6.66666667
26 25 1.66666667
27 25 1.66666667
106 25 -2.83333333
107 25 -0.50000000
108 25 -1.16666667
265 25 -3.08333333
266 25 -1.66666667
267 25 -0.25000000
314 25 -0.25000000
315 25 -0.25000000
25 26 1.66666667
26 26 6.66666667
27 26 1.66666667
106 26 -1.16666667
107 26 -0.50000000
108 26 -2.83333333
265 26 -0.25000000
266 26 -0.25000000
313 26 -0.25000000
314 26 -1.66666667
315 26 -3.08333333
25 27 1.66666667
26 27 1.66666667
27 27 6.66666667
106 27 -0.50000000
108 27 -0.50000000
265 27 -1.16666667
266 27 -3.08333333
267 27 -0.25000000
313 27 -0.25000000
314 27 -3.08333333
315 27 -1.16666667
28 28 6.66666667
29 28 1.66666667
30 28 1.66666667
103 28 -2.83333333
104 28 -0.50000000
105 28 -1.16666667
268 28 -3.08333333
269 28 -1.66666667
270 28 -0.25000000
317 28 -0.25000000
318 28 -0.25000000
28 29 1.66666667
29 29 6.66666667
30 29 1.66666667
103 29 -1.16666667
104 29 -0.50000000
105 29 -2.83333333
268 29 -0.25000000
269 29 -0.25000000
316 29 -0.25000000
317 29 -1.66666667
318 29 -3.08333333
28 30 1.66666667
29 30 1.66666667
30 30 6.66666667
103 30 -0.50000000
105 30 -0.50000000
268 30 -1.16666667
269 30 -3.08333333
270 30 -0.25000000
316 30 -0.25000000
317 30 -3.08333333
318 30 -1.16666667
31 31 6.66666667
32 31 1.66666667
33 31 1.66666667
100 31 -2.83333333
101 31 -0.50000000
102 31 -1.16666667
271 31 -3.08333333
272 31 -1.66666667
273 31 -0.25000000
320 31 -0.25000000
321 31 -0.25000000
31 32 1.66666667
32 32 6.66666667
33 32 1.66666667
100 32 -1.16666667
101 32 -0.50000000
102 32 -2.83333333
271 32 -0.25000000
272 32 -0.25000000
319 32 -0.25000000
320 32 -1.66666667
321 32 -3.08333333
31 33 1.66666667
32 33 1.66666667
33 33 6.66666667
100 33 -0.50000000
102 33 -0.50000000
271 33 -1.16666667
272 33 -3.08333333
273 33 -0.25000000
319 33 -0.25000000
320 33 -3.08333333
321 33 -1.16666667
34 34 6.66666667
35 34 1.66666667
36 34 1.66666667
97 34 -2.83333333
98 34 -0.50000000
99 34 -1.16666667
274 34 -3.08333333
275 34 -1.66666667
276 34 -0.25000000
323 34 -0.25000000
324 34 -0.25000000
34 35 1.66666667
35 35 6.66666667
36 35 1.66666667
97 35 -1.16666667
98 35 -0.50000000
99 35 -2.83333333
274 35 -0.25000000
275 35 -0.25000000
322 35 -0.25000000
323 35 -1.66666667
324 35 -3.08333333
34 36 1.66666667
35 36 1.66666667
36 36 6.66666667
97 36 -0.50000000
99 36 -0.50000000
274 36 -1.16666667
275 36 -3.08333333
276 36 -0.25000000
322 36 -0.25000000
323 36 -3.08333333
324 36 -1.16666667
37 37 6.66666667
38 37 1.66666667
39 37 1.66666667
115 37 -2.83333333
116 37 -0.50000000
117 37 -1.16666667
277 37 -3.08333333
278 37 -1.66666667
279 37 -0.25000000
326 37 -0.25000000
327 37 -0.25000000
37 38 1.66666667
38 38 6.66666667
39 38 1.66666667
115 38 -1.16666667
116 38 -0.50000000
117 38 -2.83333333
277 38 -0.25000000
278 38 -0.25000000
325 38 -0.25000000
326 38 -1.66666667
327 38 -3.08333333
37 39 1.66666667
38 39 1.66666667
39 39 6.66666667
115 39 -0.50000000
117 39 -0.50000000
277 39 -1.16666667
278 39 -3.08333333
279 39 -0.25000000
325 39 -0.25000000
326 39 -3.08333333
327 39 -1.16666667
40 40 6.66666667
41 40 1.66666667
42 40 1.66666667
118 40 -2.83333333
119 40 -0.50000000
120 40 -1.16666667
280 40 -3.08333333
281 40 -1.66666667
282 40 -0.25000000
329 40 -0.25000000
330 40 -0.25000000
40 41 1.66666667
41 41 6.66666667
42 41 1.66666667
118 41 -1.16666667
119 41 -0.50000000
120 41 -2.83333333
280 41 -0.25000000
281 41 -0.25000000
328 41 -0.25000000
329 41 -1.66666667
330 41 -3.08333333
40 42 1.66666667
41 42 1.66666667
42 42 6.66666667
118 42 -0.50000000
120 42 -0.50000000
280 42 -1.16666667
281 42 -3.08333333
282 42 -0.25000000
328 42 -0.25000000
329 42 -3.08333333
330 42 -1.16666667
43 43 6.66666667
44 43 1.66666667
45 43 1.66666667
109 43 -2.83333333
110 43 -0.50000000
111 43 -1.16666667
283 43 -3.08333333
284 43 -1.66666667
285 43 -0.25000000
332 43 -0.25000000
333 43 -0.25000000
43 44 1.66666667
44 44 6.66666667
45 44 1.66666667
109 44 -1.16666667
110 44 -0.50000000
111 44 -2.83333333
283 44 -0.25000000
284 44 -0.25000000
331 44 -0.25000000
332 44 -1.66666667
333 44 -3.08333333
43 45 1.66666667
44 45 1.66666667
45 45 6.66666667
109 45 -0.50000000
111 45 -0.50000000
283 45 -1.16666667
284 45 -3.08333333
285 45 -0.25000000
331 45 -0.25000000
332 45 -3.08333333
333 45 -1.16666667
46 46 6.66666667
47 46 1.66666667
48 46 1.66666667
112 46 -2.83333333
113 46 -0.50000000
114 46 -1.16666667
286 46 -3.08333333
287 46 -1.66666667
288 46 -0.25000000
335 46 -0.25000000
336 46 -0.25000000
46 47 1.66666667
47 47 6.66666667
48 47 1.66666667
112 47 -1.16666667
113 47 -0.50000000
114 47 -2.83333333
286 47 -0.25000000
287 47 -0.25000000
334 47 -0.25000000
335 47 -1.66666667
336 47 -3.08333333
46 48 1.66666667
47 48 1.66666667
48 48 6.66666667
112 48 -0.50000000
114 48 -0.50000000
286 48 -1.16666667
287 48 -3.08333333
288 48 -0.25000000
334 48 -0.25000000
335 48 -3.08333333
336 48 -1.16666667
49 49 6.66666667
50 49 1.91666667
51 49 1.41666667
169 49 -2.83333333
170 49 -0.50000000
171 49 -1.16666667
338 49 -0.25000000
339 49 -0.25000000
49 50 1.91666667
50 50 6.66666667
51 50 1.91666667
169 50 -1.16666667
170 50 -0.50000000
171 50 -2.83333333
337 50 -0.25000000
338 50 -1.66666667
339 50 -3.08333333
49 51 1.41666667
50 51 1.91666667
51 51 6.16666667
169 51 -0.50000000
171 51 -0.50000000
337 51 -0.25000000
338 51 -3.08333333
339 51 -1.16666667
52 52 6.66666667
53 52 1.91666667
54 52 1.41666667
172 52 -2.83333333
173 52 -0.50000000
174 52 -1.16666667
341 52 -0.25000000
342 52 -0.25000000
52 53 1.91666667
53 53 6.66666667
54 53 1.91666667
172 53 -1.16666667
173 53 -0.50000000
174 53 -2.83333333
340 53 -0.25000000
341 53 -1.66666667
342 53 -3.08333333
52 54 1.41666667
53 54 1.91666667
54 54 6.16666667
172 54 -0.50000000
174 54 -0.50000000
340 54 -0.25000000
341 54 -3.08333333
342 54 -1.16666667
55 55 6.66666667
56 55 1.66666667
57 55 1.66666667
175 55 -2.83333333
176 55 -0.50000000
177 55 -1.16666667
211 55 -3.08333333
212 55 -1.66666667
213 55 -0.25000000
344 55 -0.25000000
345 55 -0.25000000
55 56 1.66666667
56 56 6.66666667
57 56 1.66666667
175 56 -1.16666667
176 56 -0.50000000
177 56 -2.83333333
211 56 -0.25000000
212 56 -0.25000000
343 56 -0.25000000
344 56 -1.66666667
345 56 -3.08333333
55 57 1.66666667
56 57 1.66666667
57 57 6.66666667
175 57 -0.50000000
177 57 -0.50000000
211 57 -1.16666667
212 57 -3.08333333
213 57 -0.25000000
343 57 -0.25000000
344 57 -3.08333333
345 57 -1.16666667
58 58 6.66666667
59 58 1.66666667
60 58 1.66666667
178 58 -2.83333333
179 58 -0.50000000
180 58 -1.16666667
214 58 -3.08333333
215 58 -1.66666667
216 58 -0.25000000
347 58 -0.25000000
348 58 -0.25000000
58 59 1.66666667
59 59 6.66666667
60 59 1.66666667
178 59 -1.16666667
179 59 -0.50000000
180 59 -2.83333333
214 59 -0.25000000
215 59 -0.25000000
346 59 -0.25000000
347 59 -1.66666667
348 59 -3.08333333
58 60 1.66666667
59 60 1.66666667
60 60 6.66666667
178 60 -0.50000000
180 60 -0.50000000
214 60 -1.16666667
215 60 -3.08333333
216 60 -0.25000000
346 60 -0.25000000
347 60 -3.08333333
348 60 -1.16666667
61 61 6.66666667
62 61 1.91666667
63 61 1.41666667
181 61 -2.83333333
182 61 -0.50000000
183 61 -1.16666667
350 61 -0.25000000
351 61 -0.25000000
61 62 1.91666667
62 62 6.66666667
63 62 1.91666667
181 62 -1.16666667
182 62 -0.50000000
183 62 -2.83333333
349 62 -0.25000000
350 62 -1.66666667
351 62 -3.08333333
61 63 1.41666667
62 63 1.91666667
63 63 6.16666667
181 63 -0.50000000
183 63 -0.50000000
349 63 -0.25000000
350 63 -3.08333333
351 63 -1.16666667
64 64 6.66666667
65 64 1.91666667
66 64 1.41666667
184 64 -2.83333333
185 64 -0.50000000
186 64 -1.16666667
353 64 -0.25000000
354 64 -0.25000000
64 65 1.91666667
65 65 6.66666667
66 65 1.91666667
184 65 -1.16666667
185 65 -0.50000000
186 65 -2.83333333
352 65 -0.25000000
353 65 -1.66666667
354 65 -3.08333333
64 66 1.41666667
65 66 1.91666667
66 66 6.16666667
184 66 -0.50000000
186 66 -0.50000000
352 66 -0.25000000
353 66 -3.08333333
354 66 -1.16666667
67 67 6.66666667
68 67 1.66666667
69 67 1.66666667
187 67 -2.83333333
188 67 -0.50000000
189 67 -1.16666667
199 67 -3.08333333
200 67 -1.66666667
201 67 -0.25000000
356 67 -0.25000000
357 67 -0.25000000
67 68 1.66666667
68 68 6.66666667
69 68 1.66666667
187 68 -1.16666667
188 68 -0.50000000
189 68 -2.83333333
199 68 -0.25000000
200 68 -0.25000000
355 68 -0.25000000
356 68 -1.66666667
357 68 -3.08333333
67 69 1.66666667
68 69 1.66666667
69 69 6.66666667
187 69 -0.50000000
189 69 -0.50000000
199 69 -1.16666667
200 69 -3.08333333
201 69 -0.25000000
355 69 -0.25000000
356 69 -3.08333333
357 69 -1.16666667
70 70 6.66666667
71 70 1.66666667
72 70 1.66666667
190 70 -2.83333333
191 70 -0.50000000
192 70 -1.16666667
202 70 -3.08333333
203 70 -1.66666667
204 70 -0.25000000
359 70 -0.25000000
360 70 -0.25000000
70 71 1.66666667
71 71 6.66666667
72 71 1.66666667
190 71 -1.16666667
191 71 -0.50000000
192 71 -2.83333333
202 71 -0.25000000
203 71 -0.25000000
358 71 -0.25000000
359 71 -1.66666667
360 71 -3.08333333
70 72 1.66666667
71 72 1.66666667
72 72 6.66666667
190 72 -0.50000000
192 72 -0.50000000
202 72 -1.16666667
203 72 -3.08333333
204 72 -0.25000000
358 72 -0.25000000
359 72 -3.08333333
360 72 -1.16666667
73 73 6.66666667
74 73 1.66666667
75 73 1.66666667
145 73 -2.83333333
146 73 -0.50000000
147 73 -1.16666667
217 73 -3.08333333
218 73 -1.66666667
219 73 -0.25000000
362 73 -0.25000000
363 73 -0.25000000
73 74 1.66666667
74 74 6.66666667
75 74 1.66666667
145 74 -1.16666667
146 74 -0.50000000
147 74 -2.83333333
217 74 -0.25000000
218 74 -0.25000000
361 74 -0.25000000
362 74 -1.66666667
363 74 -3.08333333
73 75 1.66666667
74 75 1.66666667
75 75 6.66666667
145 75 -0.50000000
147 75 -0.50000000
217 75 -1.16666667
218 75 -3.08333333
219 75 -0.25000000
361 75 -0.25000000
362 75 -3.08333333
363 75 -1.16666667
76 76 6.66666667
77 76 1.66666667
78 76 1.66666667
148 76 -2.83333333
149 76 -0.50000000
150 76 -1.16666667
220 76 -3.08333333
221 76 -1.66666667
222 76 -0.25000000
365 76 -0.25000000
366 76 -0.25000000
76 77 1.66666667
77 77 6.66666667
78 77 1.66666667
148 77 -1.16666667
149 77 -0.50000000
150 77 -2.83333333
220 77 -0.25000000
221 77 -0.25000000
364 77 -0.25000000
365 77 -1.66666667
366 77 -3.08333333
76 78 1.66666667
77 78 1.66666667
78 78 6.66666667
148 78 -0.50000000
150 78 -0.50000000
220 78 -1.16666667
221 78 -3.08333333
222 78 -0.25000000
364 78 -0.25000000
365 78 -3.08333333
366 78 -1.16666667
79 79 6.66666667
80 79 1.66666667
81 79 1.66666667
151 79 -2.83333333
152 79 -0.50000000
153 79 -1.16666667
223 79 -3.08333333
224 79 -1.66666667
225 79 -0.25000000
368 79 -0.25000000
369 79 -0.25000000
79 80 1.66666667
80 80 6.66666667
81 80 1.66666667
151 80 -1.16666667
152 80 -0.50000000
153 80 -2.83333333
223 80 -0.25000000
224 80 -0.25000000
367 80 -0.25000000
368 80 -1.66666667
369 80 -3.08333333
79 81 1.66666667
80 81 1.66666667
81 81 6.66666667
151 81 -0.50000000
153 81 -0.50000000
223 81 -1.16666667
224 81 -3.08333333
225 81 -0.25000000
367 81 -0.25000000
368 81 -3.08333333
369 81 -1.16666667
82 82 6.66666667
83 82 1.66666667
84 82 1.66666667
154 82 -2.83333333
155 82 -0.50000000
156 82 -1.16666667
226 82 -3.08333333
227 82 -1.66666667
228 82 -0.25000000
371 82 -0.25000000
372 82 -0.25000000
82 83 1.66666667
83 83 6.66666667
84 83 1.66666667
154 83 -1.16666667
155 83 -0.50000000
156 83 -2.83333333
226 83 -0.25000000
227 83 -0.25000000
370 83 -0.25000000
371 83 -1.66666667
372 83 -3.08333333
82 84 1.66666667
83 84 1.66666667
84 84 6.66666667
154 84 -0.50000000
156 84 -0.50000000
226 84 -1.16666667
227 84 -3.08333333
228 84 -0.25000000
370 84 -0.25000000
371 84 -3.08333333
372 84 -1.16666667
85 85 6.66666667
86 85 1.66666667
87 85 1.66666667
157 85 -2.83333333
158 85 -0.50000000
159 85 -1.16666667
229 85 -3.08333333
230 85 -1.66666667
231 85 -0.25000000
374 85 -0.25000000
375 85 -0.25000000
85 86 1.66666667
86 86 6.66666667
87 86 1.66666667
157 86 -1.16666667
158 86 -0.50000000
159 86 -2.83333333
229 86 -0.25000000
230 86 -0.25000000
373 86 -0.25000000
374 86 -1.66666667
375 86 -3.08333333
85 87 1.66666667
86 87 1.66666667
87 87 6.66666667
157 87 -0.50000000
159 87 -0.50000000
229 87 -1.16666667
230 87 -3.08333333
231 87 -0.25000000
373 87 -0.25000000
374 87 -3.08333333
375 87 -1.16666667
88 88 6.66666667
89 88 1.66666667
90 88 1.66666667
160 88 -2.83333333
161 88 -0.50000000
162 88 -1.16666667
232 88 -3.08333333
233 88 -1.66666667
234 88 -0.25000000
377 88 -0.25000000
378 88 -0.25000000
88 89 1.66666667
89 89 6.66666667
90 89 1.66666667
160 89 -1.16666667
161 89 -0.50000000
162 89 -2.83333333
232 89 -0.25000000
233 89 -0.25000000
376 89 -0.25000000
377 89 -1.66666667
378 89 -3.08333333
88 90 1.66666667
89 90 1.66666667
90 90 6.66666667
160 90 -0.50000000
162 90 -0.50000000
232 90 -1.16666667
233 90 -3.08333333
234 90 -0.25000000
376 90 -0.25000000
377 90 -3.08333333
378 90 -1.16666667
91 91 6.66666667
92 91 1.66666667
93 91 1.66666667
163 91 -2.83333333
164 91 -0.50000000
165 91 -1.16666667
235 91 -3.08333333
236 91 -1.66666667
237 91 -0.25000000
380 91 -0.25000000
381 91 -0.25000000
91 92 1.66666667
92 92 6.66666667
93 92 1.66666667
163 92 -1.16666667
164 92 -0.50000000
165 92 -2.83333333
235 92 -0.25000000
236 92 -0.25000000
379 92 -0.25000000
380 92 -1.66666667
381 92 -3.08333333
91 93 1.66666667
92 93 1.66666667
93 93 6.66666667
163 93 -0.50000000
165 93 -0.50000000
235 93 -1.16666667
236 93 -3.08333333
237 93 -0.25000000
379 93 -0.25000000
380 93 -3.08333333
381 93 -1.16666667
94 94 6.66666667
95 94 1.66666667
96 94 1.66666667
166 94 -2.83333333
167 94 -0.50000000
168 94 -1.16666667
238 94 -3.08333333
239 94 -1.66666667
240 94 -0.25000000
383 94 -0.25000000
384 94 -0.25000000
94 95 1.66666667
95 95 6.66666667
96 95 1.66666667
166 95 -1.16666667
167 95 -0.50000000
168 95 -2.83333333
238 95 -0.25000000
239 95 -0.25000000
382 95 -0.25000000
383 95 -1.66666667
384 95 -3.08333333
94 96 1.66666667
95 96 1.66666667
96 96 6.66666667
166 96 -0.50000000
168 96 -0.50000000
238 96 -1.16666667
239 96 -3.08333333
240 96 -0.25000000
382 96 -0.25000000
383 96 -3.08333333
384 96 -1.16666667
34 97 -2.83333333
35 97 -1.16666667
36 97 -0.50000000
97 97 6.66666667
98 97 1.66666667
99 97 1.66666667
265 97 -3.08333333
266 97 -0.25000000
267 97 -1.66666667
289 97 -0.25000000
291 97 -0.25000000
34 98 -0.50000000
35 98 -0.50000000
97 98 1.66666667
98 98 6.66666667
99 98 1.66666667
265 98 -1.16666667
266 98 -0.25000000
267 98 -3.08333333
289 98 -3.08333333
290 98 -0.25000000
291 98 -1.16666667
34 99 -1.16666667
35 99 -2.83333333
36 99 -0.50000000
97 99 1.66666667
98 99 1.66666667
99 99 6.66666667
265 99 -0.25000000
267 99 -0.25000000
289 99 -1.66666667
290 99 -0.25000000
291 99 -3.08333333
31 100 -2.83333333
32 100 -1.16666667
33 100 -0.50000000
100 100 6.66666667
101 100 1.66666667
102 100 1.66666667
268 100 -3.08333333
269 100 -0.25000000
270 100 -1.66666667
292 100 -0.25000000
294 100 -0.25000000
31 101 -0.50000000
32 101 -0.50000000
100 101 1.66666667
101 101 6.66666667
102 101 1.66666667
268 101 -1.16666667
269 101 -0.25000000
270 101 -3.08333333
292 101 -3.08333333
293 101 -0.25000000
294 101 -1.16666667
31 102 -1.16666667
32 102 -2.83333333
33 102 -0.50000000
100 102 1.66666667
101 102 1.66666667
102 102 6.66666667
268 102 -0.25000000
270 102 -0.25000000
292 102 -1.66666667
293 102 -0.25000000
294 102 -3.08333333
28 103 -2.83333333
29 103 -1.16666667
30 103 -0.50000000
103 103 6.66666667
104 103 1.66666667
105 103 1.66666667
271 103 -3.08333333
272 103 -0.25000000
273 103 -1.66666667
295 103 -0.25000000
297 103 -0.25000000
28 104 -0.50000000
29 104 -0.50000000
103 104 1.66666667
104 104 6.66666667
105 104 1.66666667
271 104 -1.16666667
272 104 -0.25000000
273 104 -3.08333333
295 104 -3.08333333
296 104 -0.25000000
297 104 -1.16666667
28 105 -1.16666667
29 105 -2.83333333
30 105 -0.50000000
103 105 1.66666667
104 105 1.66666667
105 105 6.66666667
271 105 -0.25000000
273 105 -0.25000000
295 105 -1.66666667
296 105 -0.25000000
297 105 -3.08333333
25 106 -2.83333333
26 106 -1.16666667
27 106 -0.50000000
106 106 6.66666667
107 106 1.66666667
108 106 1.66666667
274 106 -3.08333333
275 106 -0.25000000
276 106 -1.66666667
298 106 -0.25000000
300 106 -0.25000000
25 107 -0.50000000
26 107 -0.50000000
106 107 1.66666667
107 107 6.66666667
108 107 1.66666667
274 107 -1.16666667
275 107 -0.25000000
276 107 -3.08333333
298 107 -3.08333333
299 107 -0.25000000
300 107 -1.16666667
25 108 -1.16666667
26 108 -2.83333333
27 108 -0.50000000
106 108 1.66666667
107 108 1.66666667
108 108 6.66666667
274 108 -0.25000000
276 108 -0.25000000
298 108 -1.66666667
299 108 -0.25000000
300 108 -3.08333333
43 109 -2.83333333
44 109 -1.16666667
45 109 -0.50000000
109 109 6.66666667
110 109 1.66666667
111 109 1.66666667
277 109 -3.08333333
278 109 -0.25000000
279 109 -1.66666667
301 109 -0.25000000
303 109 -0.25000000
43 110 -0.50000000
44 110 -0.50000000
109 110 1.66666667
110 110 6.66666667
111 110 1.66666667
277 110 -1.16666667
278 110 -0.25000000
279 110 -3.08333333
301 110 -3.08333333
302 110 -0.25000000
303 110 -1.16666667
43 111 -1.16666667
44 111 -2.83333333
45 111 -0.50000000
109 111 1.66666667
110 111 1.66666667
111 111 6.66666667
277 111 -0.25000000
279 111 -0.25000000
301 111 -1.66666667
302 111 -0.25000000
303 111 -3.08333333
46 112 -2.83333333
47 112 -1.16666667
48 112 -0.50000000
112 112 6.66666667
113 112 1.66666667
114 112 1.66666667
280 112 -3.08333333
281 112 -0.25000000
282 112 -1.66666667
304 112 -0.25000000
306 112 -0.25000000
46 113 -0.50000000
47 113 -0.50000000
112 113 1.66666667
113 113 6.66666667
114 113 1.66666667
280 113 -1.16666667
281 113 -0.25000000
282 113 -3.08333333
304 113 -3.08333333
305 113 -0.25000000
306 113 -1.16666667
46 114 -1.16666667
47 114 -2.83333333
48 114 -0.50000000
112 114 1.66666667
113 114 1.66666667
114 114 6.66666667
280 114 -0.25000000
282 114 -0.25000000
304 114 -1.66666667
305 114 -0.25000000
306 114 -3.08333333
37 115 -2.83333333
38 115 -1.16666667
39 115 -0.50000000
115 115 6.66666667
116 115 1.66666667
117 115 1.66666667
283 115 -3.08333333
284 115 -0.25000000
285 115 -1.66666667
307 115 -0.25000000
309 115 -0.25000000
37 116 -0.50000000
38 116 -0.50000000
115 116 1.66666667
116 116 6.66666667
117 116 1.66666667
283 116 -1.16666667
284 116 -0.25000000
285 116 -3.08333333
307 116 -3.08333333
308 116 -0.25000000
309 116 -1.16666667
37 117 -1.16666667
38 117 -2.83333333
39 117 -0.50000000
115 117 1.66666667
116 117 1.66666667
117 117 6.66666667
283 117 -0.25000000
285 117 -0.25000000
307 117 -1.66666667
308 117 -0.25000000
309 117 -3.08333333
40 118 -2.83333333
41 118 -1.16666667
42 118 -0.50000000
118 118 6.66666667
119 118 1.66666667
120 118 1.66666667
286 118 -3.08333333
287 118 -0.25000000
288 118 -1.66666667
310 118 -0.25000000
312 118 -0.25000000
40 119 -0.50000000
41 119 -0.50000000
118 119 1.66666667
119 119 6.66666667
120 119 1.66666667
286 119 -1.16666667
287 119 -0.25000000
288 119 -3.08333333
310 119 -3.08333333
311 119 -0.25000000
312 119 -1.16666667
40 120 -1.16666667
41 120 -2.83333333
42 120 -0.50000000
118 120 1.66666667
119 120 1.66666667
120 120 6.66666667
286 120 -0.25000000
288 120 -0.25000000
310 120 -1.66666667
311 120 -0.25000000
312 120 -3.08333333
10 121 -2.83333333
11 121 -1.16666667
12 121 -0.50000000
121 121 6.66666667
122 121 1.66666667
123 121 1.66666667
259 121 -3.08333333
260 121 -0.25000000
261 121 -1.66666667
313 121 -0.25000000
315 121 -0.25000000
10 122 -0.50000000
11 122 -0.50000000
121 122 1.66666667
122 122 6.66666667
123 122 1.66666667
259 122 -1.16666667
260 122 -0.25000000
261 122 -3.08333333
313 122 -3.08333333
314 122 -0.25000000
315 122 -1.16666667
10 123 -1.16666667
11 123 -2.83333333
12 123 -0.50000000
121 123 1.66666667
122 123 1.66666667
123 123 6.66666667
259 123 -0.25000000
261 123 -0.25000000
313 123 -1.66666667
314 123 -0.25000000
315 123 -3.08333333
7 124 -2.83333333
8 124 -1.16666667
9 124 -0.50000000
124 124 6.66666667
125 124 1.66666667
126 124 1.66666667
262 124 -3.08333333
263 124 -0.25000000
264 124 -1.66666667
316 124 -0.25000000
318 124 -0.25000000
7 125 -0.50000000
8 125 -0.50000000
124 125 1.66666667
125 125 6.66666667
126 125 1.66666667
262 125 -1.16666667
263 125 -0.25000000
264 125 -3.08333333
316 125 -3.08333333
317 125 -0.25000000
318 125 -1.16666667
7 126 -1.16666667
8 126 -2.83333333
9 126 -0.50000000
124 126 1.66666667
125 126 1.66666667
126 126 6.66666667
262 126 -0.25000000
264 126 -0.25000000
316 126 -1.66666667
317 126 -0.25000000
318 126 -3.08333333
4 127 -2.83333333
5 127 -1.16666667
6 127 -0.50000000
127 127 6.66666667
128 127 1.41666667
129 127 1.91666667
319 127 -0.25000000
321 127 -0.25000000
4 128 -0.50000000
5 128 -0.50000000
127 128 1.41666667
128 128 6.16666667
129 128 1.91666667
319 128 -3.08333333
320 128 -0.25000000
321 128 -1.16666667
4 129 -1.16666667
5 129 -2.83333333
6 129 -0.50000000
127 129 1.91666667
128 129 1.91666667
129 129 6.66666667
319 129 -1.66666667
320 129 -0.25000000
321 129 -3.08333333
1 130 -2.83333333
2 130 -1.16666667
3 130 -0.50000000
130 130 6.66666667
131 130 1.41666667
132 130 1.91666667
322 130 -0.25000000
324 130 -0.25000000
1 131 -0.50000000
2 131 -0.50000000
130 131 1.41666667
131 131 6.16666667
132 131 1.91666667
322 131 -3.08333333
323 131 -0.25000000
324 131 -1.16666667
1 132 -1.16666667
2 132 -2.83333333
3 132 -0.50000000
130 132 1.91666667
131 132 1.91666667
132 132 6.66666667
322 132 -1.66666667
323 132 -0.25000000
324 132 -3.08333333
19 133 -2.83333333
20 133 -1.16666667
21 133 -0.50000000
133 133 6.66666667
134 133 1.41666667
135 133 1.91666667
325 133 -0.25000000
327 133 -0.25000000
19 134 -0.50000000
20 134 -0.50000000
133 134 1.41666667
134 134 6.16666667
135 134 1.91666667
325 134 -3.08333333
326 134 -0.25000000
327 134 -1.16666667
19 135 -1.16666667
20 135 -2.83333333
21 135 -0.50000000
133 135 1.91666667
134 135 1.91666667
135 135 6.66666667
325 135 -1.66666667
326 135 -0.25000000
327 135 -3.08333333
22 136 -2.83333333
23 136 -1.16666667
24 136 -0.50000000
136 136 6.66666667
137 136 1.41666667
138 136 1.91666667
328 136 -0.25000000
330 136 -0.25000000
22 137 -0.50000000
23 137 -0.50000000
136 137 1.41666667
137 137 6.16666667
138 137 1.91666667
328 137 -3.08333333
329 137 -0.25000000
330 137 -1.16666667
22 138 -1.16666667
23 138 -2.83333333
24 138 -0.50000000
136 138 1.91666667
137 138 1.91666667
138 138 6.66666667
328 138 -1.66666667
329 138 -0.25000000
330 138 -3.08333333
13 139 -2.83333333
14 139 -1.16666667
15 139 -0.50000000
139 139 6.66666667
140 139 1.66666667
141 139 1.66666667
241 139 -3.08333333
242 139 -0.25000000
243 139 -1.66666667
331 139 -0.25000000
333 139 -0.25000000
13 140 -0.50000000
14 140 -0.50000000
139 140 1.66666667
140 140 6.66666667
141 140 1.66666667
241 140 -1.16666667
242 140 -0.25000000
243 140 -3.08333333
331 140 -3.08333333
332 140 -0.25000000
333 140 -1.16666667
13 141 -1.16666667
14 141 -2.83333333
15 141 -0.50000000
139 141 1.66666667
140 141 1.66666667
141 141 6.66666667
241 141 -0.25000000
243 141 -0.25000000
331 141 -1.66666667
332 141 -0.25000000
333 141 -3.08333333
16 142 -2.83333333
17 142 -1.16666667
18 142 -0.50000000
142 142 6.66666667
143 142 1.66666667
144 142 1.66666667
244 142 -3.08333333
245 142 -0.25000000
246 142 -1.66666667
334 142 -0.25000000
336 142 -0.25000000
16 143 -0.50000000
17 143 -0.50000000
142 143 1.66666667
143 143 6.66666667
144 143 1.66666667
244 143 -1.16666667
245 143 -0.25000000
246 143 -3.08333333
334 143 -3.08333333
335 143 -0.25000000
336 143 -1.16666667
16 144 -1.16666667
17 144 -2.83333333
18 144 -0.50000000
142 144 1.66666667
143 144 1.66666667
144 144 6.66666667
244 144 -0.25000000
246 144 -0.25000000
334 144 -1.66666667
335 144 -0.25000000
336 144 -3.08333333
73 145 -2.83333333
74 145 -1.16666667
75 145 -0.50000000
145 145 6.66666667
146 145 1.66666667
147 145 1.66666667
235 145 -3.08333333
236 145 -0.25000000
237 145 -1.66666667
337 145 -0.25000000
339 145 -0.25000000
73 146 -0.50000000
74 146 -0.50000000
145 146 1.66666667
146 146 6.66666667
147 146 1.66666667
235 146 -1.16666667
236 146 -0.25000000
237 146 -3.08333333
337 146 -3.08333333
338 146 -0.25000000
339 146 -1.16666667
73 147 -1.16666667
74 147 -2.83333333
75 147 -0.50000000
145 147 1.66666667
146 147 1.66666667
147 147 6.66666667
235 147 -0.25000000
237 147 -0.25000000
337 147 -1.66666667
338 147 -0.25000000
339 147 -3.08333333
76 148 -2.83333333
77 148 -1.16666667
78 148 -0.50000000
148 148 6.66666667
149 148 1.66666667
150 148 1.66666667
238 148 -3.08333333
239 148 -0.25000000
240 148 -1.66666667
340 148 -0.25000000
342 148 -0.25000000
76 149 -0.50000000
77 149 -0.50000000
148 149 1.66666667
149 149 6.66666667
150 149 1.66666667
238 149 -1.16666667
239 149 -0.25000000
240 149 -3.08333333
340 149 -3.08333333
341 149 -0.25000000
342 149 -1.16666667
76 150 -1.16666667
77 150 -2.83333333
78 150 -0.50000000
148 150 1.66666667
149 150 1.66666667
150 150 6.66666667
238 150 -0.25000000
240 150 -0.25000000
340 150 -1.66666667
341 150 -0.25000000
342 150 -3.08333333
79 151 -2.83333333
80 151 -1.16666667
81 151 -0.50000000
151 151 6.66666667
152 151 1.41666667
153 151 1.91666667
343 151 -0.25000000
345 151 -0.25000000
79 152 -0.50000000
80 152 -0.50000000
151 152 1.41666667
152 152 6.16666667
153 152 1.91666667
343 152 -3.08333333
344 152 -0.25000000
345 152 -1.16666667
79 153 -1.16666667
80 153 -2.83333333
81 153 -0.50000000
151 153 1.91666667
152 153 1.91666667
153 153 6.66666667
343 153 -1.66666667
344 153 -0.25000000
345 153 -3.08333333
82 154 -2.83333333
83 154 -1.16666667
84 154 -0.50000000
154 154 6.66666667
155 154 1.41666667
156 154 1.91666667
346 154 -0.25000000
348 154 -0.25000000
82 155 -0.50000000
83 155 -0.50000000
154 155 1.41666667
155 155 6.16666667
156 155 1.91666667
346 155 -3.08333333
347 155 -0.25000000
348 155 -1.16666667
82 156 -1.16666667
83 156 -2.83333333
84 156 -0.50000000
154 156 1.91666667
155 156 1.91666667
156 156 6.66666667
346 156 -1.66666667
347 156 -0.25000000
348 156 -3.08333333
85 157 -2.83333333
86 157 -1.16666667
87 157 -0.50000000
157 157 6.66666667
158 157 1.41666667
159 157 1.91666667
349 157 -0.25000000
351 157 -0.25000000
85 158 -0.50000000
86 158 -0.50000000
157 158 1.41666667
158 158 6.16666667
159 158 1.91666667
349 158 -3.08333333
350 158 -0.25000000
351 158 -1.16666667
85 159 -1.16666667
86 159 -2.83333333
87 159 -0.50000000
157 159 1.91666667
158 159 1.91666667
159 159 6.66666667
349 159 -1.66666667
350 159 -0.25000000
351 159 -3.08333333
88 160 -2.83333333
89 160 -1.16666667
90 160 -0.50000000
160 160 6.66666667
161 160 1.41666667
162 160 1.91666667
352 160 -0.25000000
354 160 -0.25000000
88 161 -0.50000000
89 161 -0.50000000
160 161 1.41666667
161 161 6.16666667
162 161 1.91666667
352 161 -3.08333333
353 161 -0.25000000
354 161 -1.16666667
88 162 -1.16666667
89 162 -2.83333333
90 162 -0.50000000
160 162 1.91666667
161 162 1.91666667
162 162 6.66666667
352 162 -1.66666667
353 162 -0.25000000
354 162 -3.08333333
91 163 -2.83333333
92 163 -1.16666667
93 163 -0.50000000
163 163 6.66666667
164 163 1.66666667
165 163 1.66666667
217 163 -3.08333333
218 163 -0.25000000
219 163 -1.66666667
355 163 -0.25000000
357 163 -0.25000000
91 164 -0.50000000
92 164 -0.50000000
163 164 1.66666667
164 164 6.66666667
165 164 1.66666667
217 164 -1.16666667
218 164 -0.25000000
219 164 -3.08333333
355 164 -3.08333333
356 164 -0.25000000
357 164 -1.16666667
91 165 -1.16666667
92 165 -2.83333333
93 165 -0.50000000
163 165 1.66666667
164 165 1.66666667
165 165 6.66666667
217 165 -0.25000000
219 165 -0.25000000
355 165 -1.66666667
356 165 -0.25000000
357 165 -3.08333333
94 166 -2.83333333
95 166 -1.16666667
96 166 -0.50000000
166 166 6.66666667
167 166 1.66666667
168 166 1.66666667
220 166 -3.08333333
221 166 -0.25000000
222 166 -1.66666667
358 166 -0.25000000
360 166 -0.25000000
94 167 -0.50000000
95 167 -0.50000000
166 167 1.66666667
167 167 6.66666667
168 167 1.66666667
220 167 -1.16666667
221 167 -0.25000000
222 167 -3.08333333
358 167 -3.08333333
359 167 -0.25000000
360 167 -1.16666667
94 168 -1.16666667
95 168 -2.83333333
96 168 -0.50000000
166 168 1.66666667
167 168 1.66666667
168 168 6.66666667
220 168 -0.25000000
222 168 -0.25000000
358 168 -1.66666667
359 168 -0.25000000
360 168 -3.08333333
49 169 -2.83333333
50 169 -1.16666667
51 169 -0.50000000
169 169 6.66666667
170 169 1.66666667
171 169 1.66666667
193 169 -3.08333333
194 169 -0.25000000
195 169 -1.66666667
361 169 -0.25000000
363 169 -0.25000000
49 170 -0.50000000
50 170 -0.50000000
169 170 1.66666667
170 170 6.66666667
171 170 1.66666667
193 170 -1.16666667
194 170 -0.25000000
195 170 -3.08333333
361 170 -3.08333333
362 170 -0.25000000
363 170 -1.16666667
49 171 -1.16666667
50 171 -2.83333333
51 171 -0.50000000
169 171 1.66666667
170 171 1.66666667
171 171 6.66666667
193 171 -0.25000000
195 171 -0.25000000
361 171 -1.66666667
362 171 -0.25000000
363 171 -3.08333333
52 172 -2.83333333
53 172 -1.16666667
54 172 -0.50000000
172 172 6.66666667
173 172 1.66666667
174 172 1.66666667
196 172 -3.08333333
197 172 -0.25000000
198 172 -1.66666667
364 172 -0.25000000
366 172 -0.25000000
52 173 -0.50000000
53 173 -0.50000000
172 173 1.66666667
173 173 6.66666667
174 173 1.66666667
196 173 -1.16666667
197 173 -0.25000000
198 173 -3.08333333
364 173 -3.08333333
365 173 -0.25000000
366 173 -1.16666667
52 174 -1.16666667
53 174 -2.83333333
54 174 -0.50000000
172 174 1.66666667
173 174 1.66666667
174 174 6.66666667
196 174 -0.25000000
198 174 -0.25000000
364 174 -1.66666667
365 174 -0.25000000
366 174 -3.08333333
55 175 -2.83333333
56 175 -1.16666667
57 175 -0.50000000
175 175 6.66666667
176 175 1.66666667
177 175 1.66666667
199 175 -3.08333333
200 175 -0.25000000
201 175 -1.66666667
367 175 -0.25000000
369 175 -0.25000000
55 176 -0.50000000
56 176 -0.50000000
175 176 1.66666667
176 176 6.66666667
177 176 1.66666667
199 176 -1.16666667
200 176 -0.25000000
201 176 -3.08333333
367 176 -3.08333333
368 176 -0.25000000
369 176 -1.16666667
55 177 -1.16666667
56 177 -2.83333333
57 177 -0.50000000
175 177 1.66666667
176 177 1.66666667
177 177 6.66666667
199 177 -0.25000000
201 177 -0.25000000
367 177 -1.66666667
368 177 -0.25000000
369 177 -3.08333333
58 178 -2.83333333
59 178 -1.16666667
60 178 -0.50000000
178 178 6.66666667
179 178 1.66666667
180 178 1.66666667
202 178 -3.08333333
203 178 -0.25000000
204 178 -1.66666667
370 178 -0.25000000
372 178 -0.25000000
58 179 -0.50000000
59 179 -0.50000000
178 179 1.66666667
179 179 6.66666667
180 179 1.66666667
202 179 -1.16666667
203 179 -0.25000000
204 179 -3.08333333
370 179 -3.08333333
371 179 -0.25000000
372 179 -1.16666667
58 180 -1.16666667
59 180 -2.83333333
60 180 -0.50000000
178 180 1.66666667
179 180 1.66666667
180 180 6.66666667
202 180 -0.25000000
204 180 -0.25000000
370 180 -1.66666667
371 180 -0.25000000
372 180 -3.08333333
61 181 -2.83333333
62 181 -1.16666667
63 181 -0.50000000
181 181 6.66666667
182 181 1.66666667
183 181 1.66666667
205 181 -3.08333333
206 181 -0.25000000
207 181 -1.66666667
373 181 -0.25000000
375 181 -0.25000000
61 182 -0.50000000
62 182 -0.50000000
181 182 1.66666667
182 182 6.66666667
183 182 1.66666667
205 182 -1.16666667
206 182 -0.25000000
207 182 -3.08333333
373 182 -3.08333333
374 182 -0.25000000
375 182 -1.16666667
61 183 -1.16666667
62 183 -2.83333333
63 183 -0.50000000
181 183 1.66666667
182 183 1.66666667
183 183 6.66666667
205 183 -0.25000000
207 183 -0.25000000
373 183 -1.66666667
374 183 -0.25000000
375 183 -3.08333333
64 184 -2.83333333
65 184 -1.16666667
66 184 -0.50000000
184 184 6.66666667
185 184 1.66666667
186 184 1.66666667
208 184 -3.08333333
209 184 -0.25000000
210 184 -1.66666667
376 184 -0.25000000
378 184 -0.25000000
64 185 -0.50000000
65 185 -0.50000000
184 185 1.66666667
185 185 6.66666667
186 185 1.66666667
208 185 -1.16666667
209 185 -0.25000000
210 185 -3.08333333
376 185 -3.08333333
377 185 -0.25000000
378 185 -1.16666667
64 186 -1.16666667
65 186 -2.83333333
66 186 -0.50000000
184 186 1.66666667
185 186 1.66666667
186 186 6.66666667
208 186 -0.25000000
210 186 -0.25000000
376 186 -1.66666667
377 186 -0.25000000
378 186 -3.08333333
67 187 -2.83333333
68 187 -1.16666667
69 187 -0.50000000
187 187 6.66666667
188 187 1.66666667
189 187 1.66666667
211 187 -3.08333333
212 187 -0.25000000
213 187 -1.66666667
379 187 -0.25000000
381 187 -0.25000000
67 188 -0.50000000
68 188 -0.50000000
187 188 1.66666667
188 188 6.66666667
189 188 1.66666667
211 188 -1.16666667
212 188 -0.25000000
213 188 -3.08333333
379 188 -3.08333333
380 188 -0.25000000
381 188 -1.16666667
67 189 -1.16666667
68 189 -2.83333333
69 189 -0.50000000
187 189 1.66666667
188 189 1.66666667
189 189 6.66666667
211 189 -0.25000000
213 189 -0.25000000
379 189 -1.66666667
380 189 -0.25000000
381 189 -3.08333333
70 190 -2.83333333
71 190 -1.16666667
72 190 -0.50000000
190 190 6.66666667
191 190 1.66666667
192 190 1.66666667
214 190 -3.08333333
215 190 -0.25000000
216 190 -1.66666667
382 190 -0.25000000
384 190 -0.25000000
70 191 -0.50000000
71 191 -0.50000000
190 191 1.66666667
191 191 6.66666667
192 191 1.66666667
214 191 -1.16666667
215 191 -0.25000000
216 191 -3.08333333
382 191 -3.08333333
383 191 -0.25000000
384 191 -1.16666667
70 192 -1.16666667
71 192 -2.83333333
72 192 -0.50000000
190 192 1.66666667
191 192 1.66666667
192 192 6.66666667
214 192 -0.25000000
216 192 -0.25000000
382 192 -1.66666667
383 192 -0.25000000
384 192 -3.08333333
169 193 -3.08333333
170 193 -1.16666667
171 193 -0.25000000
193 193 6.16666667
194 193 1.41666667
195 193 1.91666667
289 193 -0.50000000
290 193 -0.50000000
169 194 -0.25000000
170 194 -0.25000000
193 194 1.41666667
194 194 6.66666667
195 194 1.91666667
289 194 -1.16666667
290 194 -2.83333333
291 194 -0.50000000
169 195 -1.66666667
170 195 -3.08333333
171 195 -0.25000000
193 195 1.91666667
194 195 1.91666667
195 195 6.66666667
289 195 -2.83333333
290 195 -1.16666667
291 195 -0.50000000
172 196 -3.08333333
173 196 -1.16666667
174 196 -0.25000000
196 196 6.16666667
197 196 1.41666667
198 196 1.91666667
292 196 -0.50000000
293 196 -0.50000000
172 197 -0.25000000
173 197 -0.25000000
196 197 1.41666667
197 197 6.66666667
198 197 1.91666667
292 197 -1.16666667
293 197 -2.83333333
294 197 -0.50000000
172 198 -1.66666667
173 198 -3.08333333
174 198 -0.25000000
196 198 1.91666667
197 198 1.91666667
198 198 6.66666667
292 198 -2.83333333
293 198 -1.16666667
294 198 -0.50000000
67 199 -3.08333333
68 199 -0.25000000
69 199 -1.16666667
175 199 -3.08333333
176 199 -1.16666667
177 199 -0.25000000
199 199 6.66666667
200 199 1.66666667
201 199 1.66666667
295 199 -0.50000000
296 199 -0.50000000
67 200 -1.66666667
68 200 -0.25000000
69 200 -3.08333333
175 200 -0.25000000
176 200 -0.25000000
199 200 1.66666667
200 200 6.66666667
201 200 1.66666667
295 200 -1.16666667
296 200 -2.83333333
297 200 -0.50000000
67 201 -0.25000000
69 201 -0.25000000
175 201 -1.66666667
176 201 -3.08333333
177 201 -0.25000000
199 201 1.66666667
200 201 1.66666667
201 201 6.66666667
295 201 -2.83333333
296 201 -1.16666667
297 201 -0.50000000
70 202 -3.08333333
71 202 -0.25000000
72 202 -1.16666667
178 202 -3.08333333
179 202 -1.16666667
180 202 -0.25000000
202 202 6.66666667
203 202 1.66666667
204 202 1.66666667
298 202 -0.50000000
299 202 -0.50000000
70 203 -1.66666667
71 203 -0.25000000
72 203 -3.08333333
178 203 -0.25000000
179 203 -0.25000000
202 203 1.66666667
203 203 6.66666667
204 203 1.66666667
298 203 -1.16666667
299 203 -2.83333333
300 203 -0.50000000
70 204 -0.25000000
72 204 -0.25000000
178 204 -1.66666667
179 204 -3.08333333
180 204 -0.25000000
202 204 1.66666667
203 204 1.66666667
204 204 6.66666667
298 204 -2.83333333
299 204 -1.16666667
300 204 -0.50000000
181 205 -3.08333333
182 205 -1.16666667
183 205 -0.25000000
205 205 6.16666667
206 205 1.41666667
207 205 1.91666667
301 205 -0.50000000
302 205 -0.50000000
181 206 -0.25000000
182 206 -0.25000000
205 206 1.41666667
206 206 6.66666667
207 206 1.91666667
301 206 -1.16666667
302 206 -2.83333333
303 206 -0.50000000
181 207 -1.66666667
182 207 -3.08333333
183 207 -0.25000000
205 207 1.91666667
206 207 1.91666667
207 207 6.66666667
301 207 -2.83333333
302 207 -1.16666667
303 207 -0.50000000
184 208 -3.08333333
185 208 -1.16666667
186 208 -0.25000000
208 208 6.16666667
209 208 1.41666667
210 208 1.91666667
304 208 -0.50000000
305 208 -0.50000000
184 209 -0.25000000
185 209 -0.25000000
208 209 1.41666667
209 209 6.66666667
210 209 1.91666667
304 209 -1.16666667
305 209 -2.83333333
306 209 -0.50000000
184 210 -1.66666667
185 210 -3.08333333
186 210 -0.25000000
208 210 1.91666667
209 210 1.91666667
210 210 6.66666667
304 210 -2.83333333
305 210 -1.16666667
306 210 -0.50000000
55 211 -3.08333333
56 211 -0.25000000
57 211 -1.16666667
187 211 -3.08333333
188 211 -1.16666667
189 211 -0.25000000
211 211 6.66666667
212 211 1.66666667
213 211 1.66666667
307 211 -0.50000000
308 211 -0.50000000
55 212 -1.66666667
56 212 -0.25000000
57 212 -3.08333333
187 212 -0.25000000
188 212 -0.25000000
211 212 1.66666667
212 212 6.66666667
213 212 1.66666667
307 212 -1.16666667
308 212 -2.83333333
309 212 -0.50000000
55 213 -0.25000000
57 213 -0.25000000
187 213 -1.66666667
188 213 -3.08333333
189 213 -0.25000000
211 213 1.66666667
212 213 1.66666667
213 213 6.66666667
307 213 -2.83333333
308 213 -1.16666667
309 213 -0.50000000
58 214 -3.08333333
59 214 -0.25000000
60 214 -1.16666667
190 214 -3.08333333
191 214 -1.16666667
192 214 -0.25000000
214 214 6.66666667
215 214 1.66666667
216 214 1.66666667
310 214 -0.50000000
311 214 -0.50000000
58 215 -1.66666667
59 215 -0.25000000
60 215 -3.08333333
190 215 -0.25000000
191 215 -0.25000000
214 215 1.66666667
215 215 6.66666667
216 215 1.66666667
310 215 -1.16666667
311 215 -2.83333333
312 215 -0.50000000
58 216 -0.25000000
60 216 -0.25000000
190 216 -1.66666667
191 216 -3.08333333
192 216 -0.25000000
214 216 1.66666667
215 216 1.66666667
216 216 6.66666667
310 216 -2.83333333
311 216 -1.16666667
312 216 -0.50000000
73 217 -3.08333333
74 217 -0.25000000
75 217 -1.16666667
163 217 -3.08333333
164 217 -1.16666667
165 217 -0.25000000
217 217 6.66666667
218 217 1.66666667
219 217 1.66666667
313 217 -0.50000000
314 217 -0.50000000
73 218 -1.66666667
74 218 -0.25000000
75 218 -3.08333333
163 218 -0.25000000
164 218 -0.25000000
217 218 1.66666667
218 218 6.66666667
219 218 1.66666667
313 218 -1.16666667
314 218 -2.83333333
315 218 -0.50000000
73 219 -0.25000000
75 219 -0.25000000
163 219 -1.66666667
164 219 -3.08333333
165 219 -0.25000000
217 219 1.66666667
218 219 1.66666667
219 219 6.66666667
313 219 -2.83333333
314 219 -1.16666667
315 219 -0.50000000
76 220 -3.08333333
77 220 -0.25000000
78 220 -1.16666667
166 220 -3.08333333
167 220 -1.16666667
168 220 -0.25000000
220 220 6.66666667
221 220 1.66666667
222 220 1.66666667
316 220 -0.50000000
317 220 -0.50000000
76 221 -1.66666667
77 221 -0.25000000
78 221 -3.08333333
166 221 -0.25000000
167 221 -0.25000000
220 221 1.66666667
221 221 6.66666667
222 221 1.66666667
316 221 -1.16666667
317 221 -2.83333333
318 221 -0.50000000
76 222 -0.25000000
78 222 -0.25000000
166 222 -1.66666667
167 222 -3.08333333
168 222 -0.25000000
220 222 1.66666667
221 222 1.66666667
222 222 6.66666667
316 222 -2.83333333
317 222 -1.16666667
318 222 -0.50000000
79 223 -3.08333333
80 223 -0.25000000
81 223 -1.16666667
223 223 6.16666667
224 223 1.91666667
225 223 1.41666667
319 223 -0.50000000
320 223 -0.50000000
79 224 -1.66666667
80 224 -0.25000000
81 224 -3.08333333
223 224 1.91666667
224 224 6.66666667
225 224 1.91666667
319 224 -1.16666667
320 224 -2.83333333
321 224 -0.50000000
79 225 -0.25000000
81 225 -0.25000000
223 225 1.41666667
224 225 1.91666667
225 225 6.66666667
319 225 -2.83333333
320 225 -1.16666667
321 225 -0.50000000
82 226 -3.08333333
83 226 -0.25000000
84 226 -1.16666667
226 226 6.16666667
227 226 1.91666667
228 226 1.41666667
322 226 -0.50000000
323 226 -0.50000000
82 227 -1.66666667
83 227 -0.25000000
84 227 -3.08333333
226 227 1.91666667
227 227 6.66666667
228 227 1.91666667
322 227 -1.16666667
323 227 -2.83333333
324 227 -0.50000000
82 228 -0.25000000
84 228 -0.25000000
226 228 1.41666667
227 228 1.91666667
228 228 6.66666667
322 228 -2.83333333
323 228 -1.16666667
324 228 -0.50000000
85 229 -3.08333333
86 229 -0.25000000
87 229 -1.16666667
229 229 6.16666667
230 229 1.91666667
231 229 1.41666667
325 229 -0.50000000
326 229 -0.50000000
85 230 -1.66666667
86 230 -0.25000000
87 230 -3.08333333
229 230 1.91666667
230 230 6.66666667
231 230 1.91666667
325 230 -1.16666667
326 230 -2.83333333
327 230 -0.50000000
85 231 -0.25000000
87 231 -0.25000000
229 231 1.41666667
230 231 1.91666667
231 231 6.66666667
325 231 -2.83333333
326 231 -1.16666667
327 231 -0.50000000
88 232 -3.08333333
89 232 -0.25000000
90 232 -1.16666667
232 232 6.16666667
233 232 1.91666667
234 232 1.41666667
328 232 -0.50000000
329 232 -0.50000000
88 233 -1.66666667
89 233 -0.25000000
90 233 -3.08333333
232 233 1.91666667
233 233 6.66666667
234 233 1.91666667
328 233 -1.16666667
329 233 -2.83333333
330 233 -0.50000000
88 234 -0.25000000
90 234 -0.25000000
232 234 1.41666667
233 234 1.91666667
234 234 6.66666667
328 234 -2.83333333
329 234 -1.16666667
330 234 -0.50000000
91 235 -3.08333333
92 235 -0.25000000
93 235 -1.16666667
145 235 -3.08333333
146 235 -1.16666667
147 235 -0.25000000
235 235 6.66666667
236 235 1.66666667
237 235 1.66666667
331 235 -0.50000000
332 235 -0.50000000
91 236 -1.66666667
92 236 -0.25000000
93 236 -3.08333333
145 236 -0.25000000
146 236 -0.25000000
235 236 1.66666667
236 236 6.66666667
237 236 1.66666667
331 236 -1.16666667
332 236 -2.83333333
333 236 -0.50000000
91 237 -0.25000000
93 237 -0.25000000
145 237 -1.66666667
146 237 -3.08333333
147 237 -0.25000000
235 237 1.66666667
236 237 1.66666667
237 237 6.66666667
331 237 -2.83333333
332 237 -1.16666667
333 237 -0.50000000
94 238 -3.08333333
95 238 -0.25000000
96 238 -1.16666667
148 238 -3.08333333
149 238 -1.16666667
150 238 -0.25000000
238 238 6.66666667
239 238 1.66666667
240 238 1.66666667
334 238 -0.50000000
335 238 -0.50000000
94 239 -1.66666667
95 239 -0.25000000
96 239 -3.08333333
148 239 -0.25000000
149 239 -0.25000000
238 239 1.66666667
239 239 6.66666667
240 239 1.66666667
334 239 -1.16666667
335 239 -2.83333333
336 239 -0.50000000
94 240 -0.25000000
96 240 -0.25000000
148 240 -1.66666667
149 240 -3.08333333
150 240 -0.25000000
238 240 1.66666667
239 240 1.66666667
240 240 6.66666667
334 240 -2.83333333
335 240 -1.16666667
336 240 -0.50000000
139 241 -3.08333333
140 241 -1.16666667
141 241 -0.25000000
241 241 6.16666667
242 241 1.41666667
243 241 1.91666667
337 241 -0.50000000
338 241 -0.50000000
139 242 -0.25000000
140 242 -0.25000000
241 242 1.41666667
242 242 6.66666667
243 242 1.91666667
337 242 -1.16666667
338 242 -2.83333333
339 242 -0.50000000
139 243 -1.66666667
140 243 -3.08333333
141 243 -0.25000000
241 243 1.91666667
242 243 1.91666667
243 243 6.66666667
337 243 -2.83333333
338 243 -1.16666667
339 243 -0.50000000
142 244 -3.08333333
143 244 -1.16666667
144 244 -0.25000000
244 244 6.16666667
245 244 1.41666667
246 244 1.91666667
340 244 -0.50000000
341 244 -0.50000000
142 245 -0.25000000
143 245 -0.25000000
244 245 1.41666667
245 245 6.66666667
246 245 1.91666667
340 245 -1.16666667
341 245 -2.83333333
342 245 -0.50000000
142 246 -1.66666667
143 246 -3.08333333
144 246 -0.25000000
244 246 1.91666667
245 246 1.91666667
246 246 6.66666667
340 246 -2.83333333
341 246 -1.16666667
342 246 -0.50000000
19 247 -3.08333333
20 247 -0.25000000
21 247 -1.16666667
247 247 6.16666667
248 247 1.91666667
249 247 1.41666667
343 247 -0.50000000
344 247 -0.50000000
19 248 -1.66666667
20 248 -0.25000000
21 248 -3.08333333
247 248 1.91666667
248 248 6.66666667
249 248 1.91666667
343 248 -1.16666667
344 248 -2.83333333
345 248 -0.50000000
19 249 -0.25000000
21 249 -0.25000000
247 249 1.41666667
248 249 1.91666667
249 249 6.66666667
343 249 -2.83333333
344 249 -1.16666667
345 249 -0.50000000
22 250 -3.08333333
23 250 -0.25000000
24 250 -1.16666667
250 250 6.16666667
251 250 1.91666667
252 250 1.41666667
346 250 -0.50000000
347 250 -0.50000000
22 251 -1.66666667
23 251 -0.25000000
24 251 -3.08333333
250 251 1.91666667
251 251 6.66666667
252 251 1.91666667
346 251 -1.16666667
347 251 -2.83333333
348 251 -0.50000000
22 252 -0.25000000
24 252 -0.25000000
250 252 1.41666667
251 252 1.91666667
252 252 6.66666667
346 252 -2.83333333
347 252 -1.16666667
348 252 -0.50000000
253 253 5.66666667
254 253 1.66666667
255 253 1.66666667
349 253 -0.50000000
350 253 -0.50000000
253 254 1.66666667
254 254 6.66666667
255 254 2.16666667
349 254 -1.16666667
350 254 -2.83333333
351 254 -0.50000000
253 255 1.66666667
254 255 2.16666667
255 255 6.66666667
349 255 -2.83333333
350 255 -1.16666667
351 255 -0.50000000
256 256 5.66666667
257 256 1.66666667
258 256 1.66666667
352 256 -0.50000000
353 256 -0.50000000
256 257 1.66666667
257 257 6.66666667
258 257 2.16666667
352 257 -1.16666667
353 257 -2.83333333
354 257 -0.50000000
256 258 1.66666667
257 258 2.16666667
258 258 6.66666667
352 258 -2.83333333
353 258 -1.16666667
354 258 -0.50000000
7 259 -3.08333333
8 259 -0.25000000
9 259 -1.16666667
121 259 -3.08333333
122 259 -1.16666667
123 259 -0.25000000
259 259 6.66666667
260 259 1.66666667
261 259 1.66666667
355 259 -0.50000000
356 259 -0.50000000
7 260 -1.66666667
8 260 -0.25000000
9 260 -3.08333333
121 260 -0.25000000
122 260 -0.25000000
259 260 1.66666667
260 260 6.66666667
261 260 1.66666667
355 260 -1.16666667
356 260 -2.83333333
357 260 -0.50000000
7 261 -0.25000000
9 261 -0.25000000
121 261 -1.66666667
122 261 -3.08333333
123 261 -0.25000000
259 261 1.66666667
260 261 1.66666667
261 261 6.66666667
355 261 -2.83333333
356 261 -1.16666667
357 261 -0.50000000
10 262 -3.08333333
11 262 -0.25000000
12 262 -1.16666667
124 262 -3.08333333
125 262 -1.16666667
126 262 -0.25000000
262 262 6.66666667
263 262 1.66666667
264 262 1.66666667
358 262 -0.50000000
359 262 -0.50000000
10 263 -1.66666667
11 263 -0.25000000
12 263 -3.08333333
124 263 -0.25000000
125 263 -0.25000000
262 263 1.66666667
263 263 6.66666667
264 263 1.66666667
358 263 -1.16666667
359 263 -2.83333333
360 263 -0.50000000
10 264 -0.25000000
12 264 -0.25000000
124 264 -1.66666667
125 264 -3.08333333
126 264 -0.25000000
262 264 1.66666667
263 264 1.66666667
264 264 6.66666667
358 264 -2.83333333
359 264 -1.16666667
360 264 -0.50000000
25 265 -3.08333333
26 265 -0.25000000
27 265 -1.16666667
97 265 -3.08333333
98 265 -1.16666667
99 265 -0.25000000
265 265 6.66666667
266 265 1.66666667
267 265 1.66666667
361 265 -0.50000000
362 265 -0.50000000
25 266 -1.66666667
26 266 -0.25000000
27 266 -3.08333333
97 266 -0.25000000
98 266 -0.25000000
265 266 1.66666667
266 266 6.66666667
267 266 1.66666667
361 266 -1.16666667
362 266 -2.83333333
363 266 -0.50000000
25 267 -0.25000000
27 267 -0.25000000
97 267 -1.66666667
98 267 -3.08333333
99 267 -0.25000000
265 267 1.66666667
266 267 1.66666667
267 267 6.66666667
361 267 -2.83333333
362 267 -1.16666667
363 267 -0.50000000
28 268 -3.08333333
29 268 -0.25000000
30 268 -1.16666667
100 268 -3.08333333
101 268 -1.16666667
102 268 -0.25000000
268 268 6.66666667
269 268 1.66666667
270 268 1.66666667
364 268 -0.50000000
365 268 -0.50000000
28 269 -1.66666667
29 269 -0.25000000
30 269 -3.08333333
100 269 -0.25000000
101 269 -0.25000000
268 269 1.66666667
269 269 6.66666667
270 269 1.66666667
364 269 -1.16666667
365 269 -2.83333333
366 269 -0.50000000
28 270 -0.25000000
30 270 -0.25000000
100 270 -1.66666667
101 270 -3.08333333
102 270 -0.25000000
268 270 1.66666667
269 270 1.66666667
270 270 6.66666667
364 270 -2.83333333
365 270 -1.16666667
366 270 -0.50000000
31 271 -3.08333333
32 271 -0.25000000
33 271 -1.16666667
103 271 -3.08333333
104 271 -1.16666667
105 271 -0.25000000
271 271 6.66666667
272 271 1.66666667
273 271 1.66666667
367 271 -0.50000000
368 271 -0.50000000
31 272 -1.66666667
32 272 -0.25000000
33 272 -3.08333333
103 272 -0.25000000
104 272 -0.25000000
271 272 1.66666667
272 272 6.66666667
273 272 1.66666667
367 272 -1.16666667
368 272 -2.83333333
369 272 -0.50000000
31 273 -0.25000000
33 273 -0.25000000
103 273 -1.66666667
104 273 -3.08333333
105 273 -0.25000000
271 273 1.66666667
272 273 1.66666667
273 273 6.66666667
367 273 -2.83333333
368 273 -1.16666667
369 273 -0.50000000
34 274 -3.08333333
35 274 -0.25000000
36 274 -1.16666667
106 274 -3.08333333
107 274 -1.16666667
108 274 -0.25000000
274 274 6.66666667
275 274 1.66666667
276 274 1.66666667
370 274 -0.50000000
371 274 -0.50000000
34 275 -1.66666667
35 275 -0.25000000
36 275 -3.08333333
106 275 -0.25000000
107 275 -0.25000000
274 275 1.66666667
275 275 6.66666667
276 275 1.66666667
370 275 -1.16666667
371 275 -2.83333333
372 275 -0.50000000
34 276 -0.25000000
36 276 -0.25000000
106 276 -1.66666667
107 276 -3.08333333
108 276 -0.25000000
274 276 1.66666667
275 276 1.66666667
276 276 6.66666667
370 276 -2.83333333
371 276 -1.16666667
372 276 -0.50000000
37 277 -3.08333333
38 277 -0.25000000
39 277 -1.16666667
109 277 -3.08333333
110 277 -1.16666667
111 277 -0.25000000
277 277 6.66666667
278 277 1.66666667
279 277 1.66666667
373 277 -0.50000000
374 277 -0.50000000
37 278 -1.66666667
38 278 -0.25000000
39 278 -3.08333333
109 278 -0.25000000
110 278 -0.25000000
277 278 1.66666667
278 278 6.66666667
279 278 1.66666667
373 278 -1.16666667
374 278 -2.83333333
375 278 -0.50000000
37 279 -0.25000000
39 279 -0.25000000
109 279 -1.66666667
110 279 -3.08333333
111 279 -0.25000000
277 279 1.66666667
278 279 1.66666667
279 279 6.66666667
373 279 -2.83333333
374 279 -1.16666667
375 279 -0.50000000
40 280 -3.08333333
41 280 -0.25000000
42 280 -1.16666667
112 280 -3.08333333
113 280 -1.16666667
114 280 -0.25000000
280 280 6.66666667
281 280 1.66666667
282 280 1.66666667
376 280 -0.50000000
377 280 -0.50000000
40 281 -1.66666667
41 281 -0.25000000
42 281 -3.08333333
112 281 -0.25000000
113 281 -0.25000000
280 281 1.66666667
281 281 6.66666667
282 281 1.66666667
376 281 -1.16666667
377 281 -2.83333333
378 281 -0.50000000
40 282 -0.25000000
42 282 -0.25000000
112 282 -1.66666667
113 282 -3.08333333
114 282 -0.25000000
280 282 1.66666667
281 282 1.66666667
282 282 6.66666667
376 282 -2.83333333
377 282 -1.16666667
378 282 -0.50000000
43 283 -3.08333333
44 283 -0.25000000
45 283 -1.16666667
115 283 -3.08333333
116 283 -1.16666667
117 283 -0.25000000
283 283 6.66666667
284 283 1.66666667
285 283 1.66666667
379 283 -0.50000000
380 283 -0.50000000
43 284 -1.66666667
44 284 -0.25000000
45 284 -3.08333333
115 284 -0.25000000
116 284 -0.25000000
283 284 1.66666667
284 284 6.66666667
285 284 1.66666667
379 284 -1.16666667
380 284 -2.83333333
381 284 -0.50000000
43 285 -0.25000000
45 285 -0.25000000
115 285 -1.66666667
116 285 -3.08333333
117 285 -0.25000000
283 285 1.66666667
284 285 1.66666667
285 285 6.66666667
379 285 -2.83333333
380 285 -1.16666667
381 285 -0.50000000
46 286 -3.08333333
47 286 -0.25000000
48 286 -1.16666667
118 286 -3.08333333
119 286 -1.16666667
120 286 -0.25000000
286 286 6.66666667
287 286 1.66666667
288 286 1.66666667
382 286 -0.50000000
383 286 -0.50000000
46 287 -1.66666667
47 287 -0.25000000
48 287 -3.08333333
118 287 -0.25000000
119 287 -0.25000000
286 287 1.66666667
287 287 6.66666667
288 287 1.66666667
382 287 -1.16666667
383 287 -2.83333333
384 287 -0.50000000
46 288 -0.25000000
48 288 -0.25000000
118 288 -1.66666667
119 288 -3.08333333
120 288 -0.25000000
286 288 1.66666667
287 288 1.66666667
288 288 6.66666667
382 288 -2.83333333
383 288 -1.16666667
384 288 -0.50000000
2 289 -0.25000000
3 289 -0.25000000
97 289 -0.25000000
98 289 -3.08333333
99 289 -1.66666667
193 289 -0.50000000
194 289 -1.16666667
195 289 -2.83333333
289 289 6.66666667
290 289 1.66666667
291 289 1.66666667
1 290 -0.25000000
2 290 -1.66666667
3 290 -3.08333333
98 290 -0.25000000
99 290 -0.25000000
193 290 -0.50000000
194 290 -2.83333333
195 290 -1.16666667
289 290 1.66666667
290 290 6.66666667
291 290 1.66666667
1 291 -0.25000000
2 291 -3.08333333
3 291 -1.16666667
97 291 -0.25000000
98 291 -1.16666667
99 291 -3.08333333
194 291 -0.50000000
195 291 -0.50000000
289 291 1.66666667
290 291 1.66666667
291 291 6.66666667
5 292 -0.25000000
6 292 -0.25000000
100 292 -0.25000000
101 292 -3.08333333
102 292 -1.66666667
196 292 -0.50000000
197 292 -1.16666667
198 292 -2.83333333
292 292 6.66666667
293 292 1.66666667
294 292 1.66666667
4 293 -0.25000000
5 293 -1.66666667
6 293 -3.08333333
101 293 -0.25000000
102 293 -0.25000000
196 293 -0.50000000
197 293 -2.83333333
198 293 -1.16666667
292 293 1.66666667
293 293 6.66666667
294 293 1.66666667
4 294 -0.25000000
5 294 -3.08333333
6 294 -1.16666667
100 294 -0.25000000
101 294 -1.16666667
102 294 -3.08333333
197 294 -0.50000000
198 294 -0.50000000
292 294 1.66666667
293 294 1.66666667
294 294 6.66666667
8 295 -0.25000000
9 295 -0.25000000
103 295 -0.25000000
104 295 -3.08333333
105 295 -1.66666667
199 295 -0.50000000
200 295 -1.16666667
201 295 -2.83333333
295 295 6.66666667
296 295 1.66666667
297 295 1.66666667
7 296 -0.25000000
8 296 -1.66666667
9 296 -3.08333333
104 296 -0.25000000
105 296 -0.25000000
199 296 -0.50000000
200 296 -2.83333333
201 296 -1.16666667
295 296 1.66666667
296 296 6.66666667
297 296 1.66666667
7 297 -0.25000000
8 297 -3.08333333
9 297 -1.16666667
103 297 -0.25000000
104 297 -1.16666667
105 297 -3.08333333
200 297 -0.50000000
201 297 -0.50000000
295 297 1.66666667
296 297 1.66666667
297 297 6.66666667
11 298 -0.25000000
12 298 -0.25000000
106 298 -0.25000000
107 298 -3.08333333
108 298 -1.66666667
202 298 -0.50000000
203 298 -1.16666667
204 298 -2.83333333
298 298 6.66666667
299 298 1.66666667
300 298 1.66666667
10 299 -0.25000000
11 299 -1.66666667
12 299 -3.08333333
107 299 -0.25000000
108 299 -0.25000000
202 299 -0.50000000
203 299 -2.83333333
204 299 -1.16666667
298 299 1.66666667
299 299 6.66666667
300 299 1.66666667
10 300 -0.25000000
11 300 -3.08333333
12 300 -1.16666667
106 300 -0.25000000
107 300 -1.16666667
108 300 -3.08333333
203 300 -0.50000000
204 300 -0.50000000
298 300 1.66666667
299 300 1.66666667
300 300 6.66666667
14 301 -0.25000000
15 301 -0.25000000
109 301 -0.25000000
110 301 -3.08333333
111 301 -1.66666667
205 301 -0.50000000
206 301 -1.16666667
207 301 -2.83333333
301 301 6.66666667
302 301 1.66666667
303 301 1.66666667
13 302 -0.25000000
14 302 -1.66666667
15 302 -3.08333333
110 302 -0.25000000
111 302 -0.25000000
205 302 -0.50000000
206 302 -2.83333333
207 302 -1.16666667
301 302 1.66666667
302 302 6.66666667
303 302 1.66666667
13 303 -0.25000000
14 303 -3.08333333
15 303 -1.16666667
109 303 -0.25000000
110 303 -1.16666667
111 303 -3.08333333
206 303 -0.50000000
207 303 -0.50000000
301 303 1.66666667
302 303 1.66666667
303 303 6.66666667
17 304 -0.25000000
18 304 -0.25000000
112 304 -0.25000000
113 304 -3.08333333
114 304 -1.66666667
208 304 -0.50000000
209 304 -1.16666667
210 304 -2.83333333
304 304 6.66666667
305 304 1.66666667
306 304 1.66666667
16 305 -0.25000000
17 305 -1.66666667
18 305 -3.08333333
113 305 -0.25000000
114 305 -0.25000000
208 305 -0.50000000
209 305 -2.83333333
210 305 -1.16666667
304 305 1.66666667
305 305 6.66666667
306 305 1.66666667
16 306 -0.25000000
17 306 -3.08333333
18 306 -1.16666667
112 306 -0.25000000
113 306 -1.16666667
114 306 -3.08333333
209 306 -0.50000000
210 306 -0.50000000
304 306 1.66666667
305 306 1.66666667
306 306 6.66666667
20 307 -0.25000000
21 307 -0.25000000
115 307 -0.25000000
116 307 -3.08333333
117 307 -1.66666667
211 307 -0.50000000
212 307 -1.16666667
213 307 -2.83333333
307 307 6.66666667
308 307 1.66666667
309 307 1.66666667
19 308 -0.25000000
20 308 -1.66666667
21 308 -3.08333333
116 308 -0.25000000
117 308 -0.25000000
211 308 -0.50000000
212 308 -2.83333333
213 308 -1.16666667
307 308 1.66666667
308 308 6.66666667
309 308 1.66666667
19 309 -0.25000000
20 309 -3.08333333
21 309 -1.16666667
115 309 -0.25000000
116 309 -1.16666667
117 309 -3.08333333
212 309 -0.50000000
213 309 -0.50000000
307 309 1.66666667
308 309 1.66666667
309 309 6.66666667
23 310 -0.25000000
24 310 -0.25000000
118 310 -0.25000000
119 310 -3.08333333
120 310 -1.66666667
214 310 -0.50000000
215 310 -1.16666667
216 310 -2.83333333
310 310 6.66666667
311 310 1.66666667
312 310 1.66666667
22 311 -0.25000000
23 311 -1.66666667
24 311 -3.08333333
119 311 -0.25000000
120 311 -0.25000000
214 311 -0.50000000
215 311 -2.83333333
216 311 -1.16666667
310 311 1.66666667
311 311 6.66666667
312 311 1.66666667
22 312 -0.25000000
23 312 -3.08333333
24 312 -1.16666667
118 312 -0.25000000
119 312 -1.16666667
120 312 -3.08333333
215 312 -0.50000000
216 312 -0.50000000
310 312 1.66666667
311 312 1.66666667
312 312 6.66666667
26 313 -0.25000000
27 313 -0.25000000
121 313 -0.25000000
122 313 -3.08333333
123 313 -1.66666667
217 313 -0.50000000
218 313 -1.16666667
219 313 -2.83333333
313 313 6.66666667
314 313 1.66666667
315 313 1.66666667
25 314 -0.25000000
26 314 -1.66666667
27 314 -3.08333333
122 314 -0.25000000
123 314 -0.25000000
217 314 -0.50000000
218 314 -2.83333333
219 314 -1.16666667
313 314 1.66666667
314 314 6.66666667
315 314 1.66666667
25 315 -0.25000000
26 315 -3.08333333
27 315 -1.16666667
121 315 -0.25000000
122 315 -1.16666667
123 315 -3.08333333
218 315 -0.50000000
219 315 -0.50000000
313 315 1.66666667
314 315 1.66666667
315 315 6.66666667
29 316 -0.25000000
30 316 -0.25000000
124 316 -0.25000000
125 316 -3.08333333
126 316 -1.66666667
220 316 -0.50000000
221 316 -1.16666667
222 316 -2.83333333
316 316 6.66666667
317 316 1.66666667
318 316 1.66666667
28 317 -0.25000000
29 317 -1.66666667
30 317 -3.08333333
125 317 -0.25000000
126 317 -0.25000000
220 317 -0.50000000
221 317 -2.83333333
222 317 -1.16666667
316 317 1.66666667
317 317 6.66666667
318 317 1.66666667
28 318 -0.25000000
29 318 -3.08333333
30 318 -1.16666667
124 318 -0.25000000
125 318 -1.16666667
126 318 -3.08333333
221 318 -0.50000000
222 318 -0.50000000
316 318 1.66666667
317 318 1.66666667
318 318 6.66666667
32 319 -0.25000000
33 319 -0.25000000
127 319 -0.25000000
128 319 -3.08333333
129 319 -1.66666667
223 319 -0.50000000
224 319 -1.16666667
225 319 -2.83333333
319 319 6.66666667
320 319 1.66666667
321 319 1.66666667
31 320 -0.25000000
32 320 -1.66666667
33 320 -3.08333333
128 320 -0.25000000
129 320 -0.25000000
223 320 -0.50000000
224 320 -2.83333333
225 320 -1.16666667
319 320 1.66666667
320 320 6.66666667
321 320 1.66666667
31 321 -0.25000000
32 321 -3.08333333
33 321 -1.16666667
127 321 -0.25000000
128 321 -1.16666667
129 321 -3.08333333
224 321 -0.50000000
225 321 -0.50000000
319 321 1.66666667
320 321 1.66666667
321 321 6.66666667
35 322 -0.25000000
36 322 -0.25000000
130 322 -0.25000000
131 322 -3.08333333
132 322 -1.66666667
226 322 -0.50000000
227 322 -1.16666667
228 322 -2.83333333
322 322 6.66666667
323 322 1.66666667
324 322 1.66666667
34 323 -0.25000000
35 323 -1.66666667
36 323 -3.08333333
131 323 -0.25000000
132 323 -0.25000000
226 323 -0.50000000
227 323 -2.83333333
228 323 -1.16666667
322 323 1.66666667
323 323 6.66666667
324 323 1.66666667
34 324 -0.25000000
35 324 -3.08333333
36 324 -1.16666667
130 324 -0.25000000
131 324 -1.16666667
132 324 -3.08333333
227 324 -0.50000000
228 324 -0.50000000
322 324 1.66666667
323 324 1.66666667
324 324 6.66666667
38 325 -0.25000000
39 325 -0.25000000
133 325 -0.25000000
134 325 -3.08333333
135 325 -1.66666667
229 325 -0.50000000
230 325 -1.16666667
231 325 -2.83333333
325 325 6.66666667
326 325 1.66666667
327 325 1.66666667
37 326 -0.25000000
38 326 -1.66666667
39 326 -3.08333333
134 326 -0.25000000
135 326 -0.25000000
229 326 -0.50000000
230 326 -2.83333333
231 326 -1.16666667
325 326 1.66666667
326 326 6.66666667
327 326 1.66666667
37 327 -0.25000000
38 327 -3.08333333
39 327 -1.16666667
133 327 -0.25000000
134 327 -1.16666667
135 327 -3.08333333
230 327 -0.50000000
231 327 -0.50000000
325 327 1.66666667
326 327 1.66666667
327 327 6.66666667
41 328 -0.25000000
42 328 -0.25000000
136 328 -0.25000000
137 328 -3.08333333
138 328 -1.66666667
232 328 -0.50000000
233 328 -1.16666667
234 328 -2.83333333
328 328 6.66666667
329 328 1.66666667
330 328 1.66666667
40 329 -0.25000000
41 329 -1.66666667
42 329 -3.08333333
137 329 -0.25000000
138 329 -0.25000000
232 329 -0.50000000
233 329 -2.83333333
234 329 -1.16666667
328 329 1.66666667
329 329 6.66666667
330 329 1.66666667
40 330 -0.25000000
41 330 -3.08333333
42 330 -1.16666667
136 330 -0.25000000
137 330 -1.16666667
138 330 -3.08333333
233 330 -0.50000000
234 330 -0.50000000
328 330 1.66666667
329 330 1.66666667
330 330 6.66666667
44 331 -0.25000000
45 331 -0.25000000
139 331 -0.25000000
140 331 -3.08333333
141 331 -1.66666667
235 331 -0.50000000
236 331 -1.16666667
237 331 -2.83333333
331 331 6.66666667
332 331 1.66666667
333 331 1.66666667
43 332 -0.25000000
44 332 -1.66666667
45 332 -3.08333333
140 332 -0.25000000
141 332 -0.25000000
235 332 -0.50000000
236 332 -2.83333333
237 332 -1.16666667
331 332 1.66666667
332 332 6.66666667
333 332 1.66666667
43 333 -0.25000000
44 333 -3.08333333
45 333 -1.16666667
139 333 -0.25000000
140 333 -1.16666667
141 333 -3.08333333
236 333 -0.50000000
237 333 -0.50000000
331 333 1.66666667
332 333 1.66666667
333 333 6.66666667
47 334 -0.25000000
48 334 -0.25000000
142 334 -0.25000000
143 334 -3.08333333
144 334 -1.66666667
238 334 -0.50000000
239 334 -1.16666667
240 334 -2.83333333
334 334 6.66666667
335 334 1.66666667
336 334 1.66666667
46 335 -0.25000000
47 335 -1.66666667
48 335 -3.08333333
143 335 -0.25000000
144 335 -0.25000000
238 335 -0.50000000
239 335 -2.83333333
240 335 -1.16666667
334 335 1.66666667
335 335 6.66666667
336 335 1.66666667
46 336 -0.25000000
47 336 -3.08333333
48 336 -1.16666667
142 336 -0.25000000
143 336 -1.16666667
144 336 -3.08333333
239 336 -0.50000000
240 336 -0.50000000
334 336 1.66666667
335 336 1.66666667
336 336 6.66666667
50 337 -0.25000000
51 337 -0.25000000
145 337 -0.25000000
146 337 -3.08333333
147 337 -1.66666667
241 337 -0.50000000
242 337 -1.16666667
243 337 -2.83333333
337 337 6.66666667
338 337 1.66666667
339 337 1.66666667
49 338 -0.25000000
50 338 -1.66666667
51 338 -3.08333333
146 338 -0.25000000
147 338 -0.25000000
241 338 -0.50000000
242 338 -2.83333333
243 338 -1.16666667
337 338 1.66666667
338 338 6.66666667
339 338 1.66666667
49 339 -0.25000000
50 339 -3.08333333
51 339 -1.16666667
145 339 -0.25000000
146 339 -1.16666667
147 339 -3.08333333
242 339 -0.50000000
243 339 -0.50000000
337 339 1.66666667
338 339 1.66666667
339 339 6.66666667
53 340 -0.25000000
54 340 -0.25000000
148 340 -0.25000000
149 340 -3.08333333
150 340 -1.66666667
244 340 -0.50000000
245 340 -1.16666667
246 340 -2.83333333
340 340 6.66666667
341 340 1.66666667
342 340 1.66666667
52 341 -0.25000000
53 341 -1.66666667
54 341 -3.08333333
149 341 -0.25000000
150 341 -0.25000000
244 341 -0.50000000
245 341 -2.83333333
246 341 -1.16666667
340 341 1.66666667
341 341 6.66666667
342 341 1.66666667
52 342 -0.25000000
53 342 -3.08333333
54 342 -1.16666667
148 342 -0.25000000
149 342 -1.16666667
150 342 -3.08333333
245 342 -0.50000000
246 342 -0.50000000
340 342 1.66666667
341 342 1.66666667
342 342 6.66666667
56 343 -0.25000000
57 343 -0.25000000
151 343 -0.25000000
152 343 -3.08333333
153 343 -1.66666667
247 343 -0.50000000
248 343 -1.16666667
249 343 -2.83333333
343 343 6.66666667
344 343 1.66666667
345 343 1.66666667
55 344 -0.25000000
56 344 -1.66666667
57 344 -3.08333333
152 344 -0.25000000
153 344 -0.25000000
247 344 -0.50000000
248 344 -2.83333333
249 344 -1.16666667
343 344 1.66666667
344 344 6.66666667
345 344 1.66666667
55 345 -0.25000000
56 345 -3.08333333
57 345 -1.16666667
151 345 -0.25000000
152 345 -1.16666667
153 345 -3.08333333
248 345 -0.50000000
249 345 -0.50000000
343 345 1.66666667
344 345 1.66666667
345 345 6.66666667
59 346 -0.25000000
60 346 -0.25000000
154 346 -0.25000000
155 346 -3.08333333
156 346 -1.66666667
250 346 -0.50000000
251 346 -1.16666667
252 346 -2.83333333
346 346 6.66666667
347 346 1.66666667
348 346 1.66666667
58 347 -0.25000000
59 347 -1.66666667
60 347 -3.08333333
155 347 -0.25000000
156 347 -0.25000000
250 347 -0.50000000
251 347 -2.83333333
252 347 -1.16666667
346 347 1.66666667
347 347 6.66666667
348 347 1.66666667
58 348 -0.25000000
59 348 -3.08333333
60 348 -1.16666667
154 348 -0.25000000
155 348 -1.16666667
156 348 -3.08333333
251 348 -0.50000000
252 348 -0.50000000
346 348 1.66666667
347 348 1.66666667
348 348 6.66666667
62 349 -0.25000000
63 349 -0.25000000
157 349 -0.25000000
158 349 -3.08333333
159 349 -1.66666667
253 349 -0.50000000
254 349 -1.16666667
255 349 -2.83333333
349 349 6.66666667
350 349 1.66666667
351 349 1.66666667
61 350 -0.25000000
62 350 -1.66666667
63 350 -3.08333333
158 350 -0.25000000
159 350 -0.25000000
253 350 -0.50000000
254 350 -2.83333333
255 350 -1.16666667
349 350 1.66666667
350 350 6.66666667
351 350 1.66666667
61 351 -0.25000000
62 351 -3.08333333
63 351 -1.16666667
157 351 -0.25000000
158 351 -1.16666667
159 351 -3.08333333
254 351 -0.50000000
255 351 -0.50000000
349 351 1.66666667
350 351 1.66666667
351 351 6.66666667
65 352 -0.25000000
66 352 -0.25000000
160 352 -0.25000000
161 352 -3.08333333
162 352 -1.66666667
256 352 -0.50000000
257 352 -1.16666667
258 352 -2.83333333
352 352 6.66666667
353 352 1.66666667
354 352 1.66666667
64 353 -0.25000000
65 353 -1.66666667
66 353 -3.08333333
161 353 -0.25000000
162 353 -0.25000000
256 353 -0.50000000
257 353 -2.83333333
258 353 -1.16666667
352 353 1.66666667
353 353 6.66666667
354 353 1.66666667
64 354 -0.25000000
65 354 -3.08333333
66 354 -1.16666667
160 354 -0.25000000
161 354 -1.16666667
162 354 -3.08333333
257 354 -0.50000000
258 354 -0.50000000
352 354 1.66666667
353 354 1.66666667
354 354 6.66666667
68 355 -0.25000000
69 355 -0.25000000
163 355 -0.25000000
164 355 -3.08333333
165 355 -1.66666667
259 355 -0.50000000
260 355 -1.16666667
261 355 -2.83333333
355 355 6.66666667
356 355 1.66666667
357 355 1.66666667
67 356 -0.25000000
68 356 -1.66666667
69 356 -3.08333333
164 356 -0.25000000
165 356 -0.25000000
259 356 -0.50000000
260 356 -2.83333333
261 356 -1.16666667
355 356 1.66666667
356 356 6.66666667
357 356 1.66666667
67 357 -0.25000000
68 357 -3.08333333
69 357 -1.16666667
163 357 -0.25000000
164 357 -1.16666667
165 357 -3.08333333
260 357 -0.50000000
261 357 -0.50000000
355 357 1.66666667
356 357 1.66666667
357 357 6.66666667
71 358 -0.25000000
72 358 -0.25000000
166 358 -0.25000000
167 358 -3.08333333
168 358 -1.66666667
262 358 -0.50000000
263 358 -1.16666667
264 358 -2.83333333
358 358 6.66666667
359 358 1.66666667
360 358 1.66666667
70 359 -0.25000000
71 359 -1.66666667
72 359 -3.08333333
167 359 -0.25000000
168 359 -0.25000000
262 359 -0.50000000
263 359 -2.83333333
264 359 -1.16666667
358 359 1.66666667
359 359 6.66666667
360 359 1.66666667
70 360 -0.25000000
71 360 -3.08333333
72 360 -1.16666667
166 360 -0.25000000
167 360 -1.16666667
168 360 -3.08333333
263 360 -0.50000000
264 360 -0.50000000
358 360 1.66666667
359 360 1.66666667
360 360 6.66666667
74 361 -0.25000000
75 361 -0.25000000
169 361 -0.25000000
170 361 -3.08333333
171 361 -1.66666667
265 361 -0.50000000
266 361 -1.16666667
267 361 -2.83333333
361 361 6.66666667
362 361 1.66666667
363 361 1.66666667
73 362 -0.25000000
74 362 -1.66666667
75 362 -3.08333333
170 362 -0.25000000
171 362 -0.25000000
265 362 -0.50000000
266 362 -2.83333333
267 362 -1.16666667
361 362 1.66666667
362 362 6.66666667
363 362 1.66666667
73 363 -0.25000000
74 363 -3.08333333
75 363 -1.16666667
169 363 -0.25000000
170 363 -1.16666667
171 363 -3.08333333
266 363 -0.50000000
267 363 -0.50000000
361 363 1.66666667
362 363 1.66666667
363 363 6.66666667
77 364 -0.25000000
78 364 -0.25000000
172 364 -0.25000000
173 364 -3.08333333
174 364 -1.66666667
268 364 -0.50000000
269 364 -1.16666667
270 364 -2.83333333
364 364 6.66666667
365 364 1.66666667
366 364 1.66666667
76 365 -0.25000000
77 365 -1.66666667
78 365 -3.08333333
173 365 -0.25000000
174 365 -0.25000000
268 365 -0.50000000
269 365 -2.83333333
270 365 -1.16666667
364 365 1.66666667
365 365 6.66666667
366 365 1.66666667
76 366 -0.25000000
77 366 -3.08333333
78 366 -1.16666667
172 366 -0.25000000
173 366 -1.16666667
174 366 -3.08333333
269 366 -0.50000000
270 366 -0.50000000
364 366 1.66666667
365 366 1.66666667
366 366 6.66666667
80 367 -0.25000000
81 367 -0.25000000
175 367 -0.25000000
176 367 -3.08333333
177 367 -1.66666667
271 367 -0.50000000
272 367 -1.16666667
273 367 -2.83333333
367 367 6.66666667
368 367 1.66666667
369 367 1.66666667
79 368 -0.25000000
80 368 -1.66666667
81 368 -3.08333333
176 368 -0.25000000
177 368 -0.25000000
271 368 -0.50000000
272 368 -2.83333333
273 368 -1.16666667
367 368 1.66666667
368 368 6.66666667
369 368 1.66666667
79 369 -0.25000000
80 369 -3.08333333
81 369 -1.16666667
175 369 -0.25000000
176 369 -1.16666667
177 369 -3.08333333
272 369 -0.50000000
273 369 -0.50000000
367 369 1.66666667
368 369 1.66666667
369 369 6.66666667
83 370 -0.25000000
84 370 -0.25000000
178 370 -0.25000000
179 370 -3.08333333
180 370 -1.66666667
274 370 -0.50000000
275 370 -1.16666667
276 370 -2.83333333
370 370 6.66666667
371 370 1.66666667
372 370 1.66666667
82 371 -0.25000000
83 371 -1.66666667
84 371 -3.08333333
179 371 -0.25000000
180 371 -0.25000000
274 371 -0.50000000
275 371 -2.83333333
276 371 -1.16666667
370 371 1.66666667
371 371 6.66666667
372 371 1.66666667
82 372 -0.25000000
83 372 -3.08333333
84 372 -1.16666667
178 372 -0.25000000
179 372 -1.16666667
180 372 -3.08333333
275 372 -0.50000000
276 372 -0.50000000
370 372 1.66666667
371 372 1.66666667
372 372 6.66666667
86 373 -0.25000000
87 373 -0.25000000
181 373 -0.25000000
182 373 -3.08333333
183 373 -1.66666667
277 373 -0.50000000
278 373 -1.16666667
279 373 -2.83333333
373 373 6.66666667
374 373 1.66666667
375 373 1.66666667
85 374 -0.25000000
86 374 -1.66666667
87 374 -3.08333333
182 374 -0.25000000
183 374 -0.25000000
277 374 -0.50000000
278 374 -2.83333333
279 374 -1.16666667
373 374 1.66666667
374 374 6.66666667
375 374 1.66666667
85 375 -0.25000000
86 375 -3.08333333
87 375 -1.16666667
181 375 -0.25000000
182 375 -1.16666667
183 375 -3.08333333
278 375 -0.50000000
279 375 -0.50000000
373 375 1.66666667
374 375 1.66666667
375 375 6.66666667
89 376 -0.25000000
90 376 -0.25000000
184 376 -0.25000000
185 376 -3.08333333
186 376 -1.66666667
280 376 -0.50000000
281 376 -1.16666667
282 376 -2.83333333
376 376 6.66666667
377 376 1.66666667
378 376 1.66666667
88 377 -0.25000000
89 377 -1.66666667
90 377 -3.08333333
185 377 -0.25000000
186 377 -0.25000000
280 377 -0.50000000
281 377 -2.83333333
282 377 -1.16666667
376 377 1.66666667
377 377 6.66666667
378 377 1.66666667
88 378 -0.25000000
89 378 -3.08333333
90 378 -1.16666667
184 378 -0.25000000
185 378 -1.16666667
186 378 -3.08333333
281 378 -0.50000000
282 378 -0.50000000
376 378 1.66666667
377 378 1.66666667
378 378 6.66666667
92 379 -0.25000000
93 379 -0.25000000
187 379 -0.25000000
188 379 -3.08333333
189 379 -1.66666667
283 379 -0.50000000
284 379 -1.16666667
285 379 -2.83333333
379 379 6.66666667
380 379 1.66666667
381 379 1.66666667
91 380 -0.25000000
92 380 -1.66666667
93 380 -3.08333333
188 380 -0.25000000
189 380 -0.25000000
283 380 -0.50000000
284 380 -2.83333333
285 380 -1.16666667
379 380 1.66666667
380 380 6.66666667
381 380 1.66666667
91 381 -0.25000000
92 381 -3.08333333
93 381 -1.16666667
187 381 -0.25000000
188 381 -1.16666667
189 381 -3.08333333
284 381 -0.50000000
285 381 -0.50000000
379 381 1.66666667
380 381 1.66666667
381 381 6.66666667
95 382 -0.25000000
96 382 -0.25000000
190 382 -0.25000000
191 382 -3.08333333
192 382 -1.66666667
286 382 -0.50000000
287 382 -1.16666667
288 382 -2.83333333
382 382 6.66666667
383 382 1.66666667
384 382 1.66666667
94 383 -0.25000000
95 383 -1.66666667
96 383 -3.08333333
191 383 -0.25000000
192 383 -0.25000000
286 383 -0.50000000
287 383 -2.83333333
288 383 -1.16666667
382 383 1.66666667
383 383 6.66666667
384 383 1.66666667
94 384 -0.25000000
95 384 -3.08333333
96 384 -1.16666667
190 384 -0.25000000
191 384 -1.16666667
192 384 -3.08333333
287 384 -0.50000000
288 384 -0.50000000
382 384 1.66666667
383 384 1.66666667
384 384 6.66666667
