4225 1
0.00000000
-0.67724774
0.00000000
0.00000000
-0.67724774
0.00000000
0.00000016
0.00000016
0.00000015
0.00000016
0.00000016
0.00000000
-0.33333324
0.00000000
0.00000000
-0.56701886
0.00000000
0.00000000
-0.33333324
-0.33333324
0.00000000
-0.56701886
-0.54957354
0.00000012
0.00000013
0.00000012
0.00000012
0.00000013
0.00000013
0.00000012
0.00000012
0.00000012
0.00000012
0.00000012
0.00000012
0.00000012
0.00000027
0.00000027
0.00000028
0.00000012
0.00000012
0.00000027
0.00000026
0.00000000
-0.33333326
0.00000000
0.00000000
-0.44159478
0.00000000
0.00000012
0.00000012
0.00000012
0.00000019
0.00000018
0.00000019
0.00000000
-0.33333323
0.00000000
0.00000000
-0.72806656
0.00000000
0.00000013
0.00000013
0.00000019
0.00000019
0.00000012
0.00000012
0.00000012
0.00000019
0.00000018
0.00000018
0.00000000
-0.33333326
-0.33333326
0.00000000
-0.44159478
-0.42800835
0.00000000
-0.33333323
-0.33333323
0.00000000
-0.72806656
-0.70566632
0.00000013
0.00000012
0.00000019
0.00000020
0.00000009
0.00000010
0.00000009
0.00000009
0.00000010
0.00000010
0.00000015
0.00000014
0.00000014
0.00000015
0.00000014
0.00000015
0.00000011
0.00000011
0.00000011
0.00000026
0.00000026
0.00000027
0.00000011
0.00000011
0.00000011
0.00000026
0.00000026
0.00000025
0.00000015
0.00000015
0.00000015
0.00000015
0.00000008
0.00000008
0.00000008
0.00000009
0.00000010
0.00000011
0.00000025
0.00000027
0.00000010
0.00000011
0.00000025
0.00000024
0.00000010
0.00000011
0.00000010
0.00000016
0.00000017
0.00000017
0.00000010
0.00000009
0.00000010
0.00000016
0.00000015
0.00000016
0.00000011
0.00000011
0.00000011
0.00000038
0.00000038
0.00000040
0.00000013
0.00000013
0.00000013
0.00000020
0.00000020
0.00000019
0.00000009
0.00000010
0.00000015
0.00000015
0.00000011
0.00000011
0.00000017
0.00000016
0.00000011
0.00000011
0.00000038
0.00000036
0.00000013
0.00000013
0.00000020
0.00000021
0.00000000
-0.33333326
0.00000000
0.00000000
-0.38970605
0.00000000
0.00000014
0.00000014
0.00000014
0.00000017
0.00000017
0.00000018
0.00000000
-0.33333323
0.00000000
0.00000000
-0.64251652
0.00000000
0.00000011
0.00000011
0.00000011
0.00000021
0.00000021
0.00000020
0.00000012
0.00000013
0.00000012
0.00000016
0.00000016
0.00000016
0.00000010
0.00000009
0.00000009
0.00000012
0.00000012
0.00000012
0.00000011
0.00000011
0.00000011
0.00000031
0.00000031
0.00000033
0.00000012
0.00000012
0.00000012
0.00000023
0.00000022
0.00000022
0.00000000
-0.33333325
0.00000000
0.00000000
-0.50039242
0.00000000
0.00000010
0.00000010
0.00000020
0.00000021
0.00000000
-0.33333323
0.00000000
0.00000000
-0.82500746
0.00000000
0.00000014
0.00000014
0.00000018
0.00000017
0.00000012
0.00000012
0.00000015
0.00000015
0.00000010
0.00000010
0.00000013
0.00000012
0.00000011
0.00000011
0.00000032
0.00000030
0.00000012
0.00000012
0.00000023
0.00000024
0.00000010
0.00000009
0.00000009
0.00000012
0.00000012
0.00000012
0.00000012
0.00000013
0.00000013
0.00000016
0.00000016
0.00000015
0.00000011
0.00000011
0.00000011
0.00000031
0.00000031
0.00000030
0.00000012
0.00000012
0.00000012
0.00000023
0.00000022
0.00000023
0.00000014
0.00000014
0.00000014
0.00000017
0.00000017
0.00000017
0.00000000
-0.33333326
-0.33333327
0.00000000
-0.38970605
-0.37771606
0.00000000
-0.33333323
-0.33333323
0.00000000
-0.64251652
-0.62274837
0.00000011
0.00000011
0.00000011
0.00000021
0.00000021
0.00000022
0.00000010
0.00000010
0.00000020
0.00000020
0.00000000
-0.33333325
-0.33333325
0.00000000
-0.50039242
-0.48499697
0.00000000
-0.33333323
-0.33333323
0.00000000
-0.82500746
-0.79962466
0.00000014
0.00000014
0.00000018
0.00000018
0.00000010
0.00000010
0.00000013
0.00000013
0.00000012
0.00000012
0.00000015
0.00000016
0.00000011
0.00000011
0.00000032
0.00000033
0.00000012
0.00000012
0.00000023
0.00000022
0.00000007
0.00000007
0.00000007
0.00000008
0.00000016
0.00000015
0.00000016
0.00000016
0.00000010
0.00000010
0.00000024
0.00000026
0.00000010
0.00000010
0.00000024
0.00000024
0.00000014
0.00000014
0.00000014
0.00000015
0.00000011
0.00000010
0.00000011
0.00000011
0.00000011
0.00000011
0.00000026
0.00000027
0.00000011
0.00000011
0.00000026
0.00000025
0.00000009
0.00000009
0.00000014
0.00000016
0.00000011
0.00000011
0.00000018
0.00000018
0.00000011
0.00000011
0.00000038
0.00000040
0.00000013
0.00000013
0.00000020
0.00000019
0.00000011
0.00000011
0.00000018
0.00000017
0.00000009
0.00000009
0.00000014
0.00000014
0.00000011
0.00000011
0.00000038
0.00000036
0.00000013
0.00000013
0.00000020
0.00000020
0.00000011
0.00000012
0.00000013
0.00000014
0.00000011
0.00000028
0.00000012
0.00000026
0.00000015
0.00000016
-0.33333327
-0.35483142
-0.33333324
-0.58501797
0.00000010
0.00000023
0.00000011
0.00000019
-0.33333325
-0.45561250
-0.33333323
-0.75117787
0.00000013
0.00000019
0.00000008
0.00000013
0.00000012
0.00000018
0.00000011
0.00000036
0.00000013
0.00000020
0.00000008
0.00000008
0.00000011
0.00000011
0.00000013
0.00000013
0.00000017
0.00000017
0.00000010
0.00000011
0.00000031
0.00000032
0.00000012
0.00000012
0.00000022
0.00000021
0.00000013
0.00000013
0.00000017
0.00000017
0.00000008
-0.33333326
0.00000011
-0.40207664
0.00000010
-0.33333323
0.00000031
-0.66291217
0.00000012
0.00000012
0.00000022
0.00000021
0.00000009
0.00000010
0.00000019
0.00000020
0.00000009
-0.33333324
0.00000019
-0.51627657
0.00000011
-0.33333323
0.00000047
-0.85119600
0.00000014
0.00000015
0.00000018
0.00000017
0.00000011
0.00000011
0.00000014
0.00000013
0.00000011
0.00000012
0.00000014
0.00000014
0.00000011
0.00000011
0.00000032
0.00000030
0.00000012
0.00000012
0.00000023
0.00000024
0.00000008
0.00000010
0.00000014
0.00000016
0.00000010
0.00000029
0.00000011
0.00000022
0.00000014
0.00000016
0.00000009
0.00000011
0.00000011
0.00000029
0.00000012
0.00000023
0.00000009
0.00000018
0.00000010
0.00000019
0.00000011
0.00000044
0.00000014
0.00000018
0.00000011
0.00000015
0.00000011
0.00000014
0.00000011
0.00000033
0.00000012
0.00000022
0.00000000
-0.33333327
0.00000000
0.00000000
-0.36609497
0.00000000
0.00000015
0.00000015
0.00000017
0.00000016
0.00000000
-0.33333324
0.00000000
0.00000000
-0.60358842
0.00000000
0.00000010
0.00000010
0.00000022
0.00000022
0.00000012
0.00000013
0.00000014
0.00000015
0.00000011
0.00000010
0.00000012
0.00000012
0.00000011
0.00000011
0.00000029
0.00000029
0.00000012
0.00000012
0.00000025
0.00000024
0.00000000
-0.33333325
0.00000000
0.00000000
-0.47007519
0.00000000
0.00000011
0.00000011
0.00000020
0.00000019
0.00000000
-0.33333323
0.00000000
0.00000000
-0.77502280
0.00000000
0.00000013
0.00000013
0.00000018
0.00000018
0.00000012
0.00000012
0.00000017
0.00000017
0.00000008
0.00000009
0.00000012
0.00000013
0.00000011
0.00000011
0.00000034
0.00000034
0.00000012
0.00000013
0.00000021
0.00000021
0.00000009
0.00000010
0.00000011
0.00000012
0.00000014
0.00000013
0.00000015
0.00000015
0.00000011
0.00000011
0.00000028
0.00000029
0.00000012
0.00000012
0.00000024
0.00000024
0.00000014
0.00000015
0.00000016
0.00000016
0.00000007
-0.33333327
0.00000009
-0.36609497
0.00000010
-0.33333324
0.00000027
-0.60358842
0.00000011
0.00000010
0.00000023
0.00000022
0.00000010
0.00000011
0.00000018
0.00000019
0.00000009
-0.33333325
0.00000017
-0.47007519
0.00000011
-0.33333323
0.00000042
-0.77502280
0.00000014
0.00000013
0.00000019
0.00000018
0.00000010
0.00000009
0.00000014
0.00000013
0.00000011
0.00000012
0.00000016
0.00000017
0.00000011
0.00000011
0.00000035
0.00000034
0.00000013
0.00000013
0.00000021
0.00000021
0.00000000
-0.33333326
0.00000000
0.00000000
-0.41483992
0.00000000
0.00000013
0.00000018
0.00000000
-0.33333323
0.00000000
0.00000000
-0.68395526
0.00000000
0.00000012
0.00000020
0.00000013
0.00000018
-0.33333326
-0.41483992
-0.33333323
-0.68395526
0.00000012
0.00000020
0.00000000
-0.33333324
0.00000000
0.00000000
-0.53266494
0.00000000
-0.33333324
-0.53266494
0.00000000
-0.66666656
0.00000000
0.00000000
-1.75643221
0.00000000
0.00000015
0.00000017
0.00000012
0.00000013
0.00000012
0.00000013
0.00000011
0.00000029
0.00000012
0.00000025
0.00000008
0.00000010
0.00000014
0.00000016
0.00000011
0.00000028
0.00000011
0.00000024
0.00000014
0.00000016
0.00000008
0.00000010
0.00000011
0.00000028
0.00000011
0.00000024
0.00000010
0.00000018
0.00000010
0.00000018
0.00000011
0.00000042
0.00000014
0.00000019
0.00000011
0.00000015
0.00000011
0.00000015
0.00000011
0.00000035
0.00000013
0.00000021
0.00000007
0.00000009
0.00000014
0.00000016
0.00000010
0.00000027
0.00000011
0.00000023
0.00000014
0.00000015
0.00000009
0.00000011
0.00000011
0.00000028
0.00000012
0.00000024
0.00000009
0.00000017
0.00000010
0.00000018
0.00000011
0.00000042
0.00000014
0.00000019
0.00000011
0.00000016
0.00000010
0.00000014
0.00000011
0.00000035
0.00000013
0.00000021
0.00000011
0.00000012
0.00000012
0.00000014
0.00000011
0.00000029
0.00000012
0.00000025
0.00000015
0.00000017
0.00000000
0.00000000
0.00000000
0.00000000
0.00000010
0.00000022
0.00000011
0.00000020
0.00000000
0.00000000
0.00000000
0.00000000
0.00000013
0.00000018
0.00000008
0.00000012
0.00000012
0.00000017
0.00000011
0.00000034
0.00000012
0.00000021
0.00000000
0.00000000
0.00000000
0.00000000
0.00000000
0.00000000
0.00000000
0.00000000
-0.33333327
-0.35483142
0.00000015
0.00000016
-0.33333324
-0.58501797
0.00000010
0.00000023
0.00000013
0.00000014
0.00000011
0.00000012
0.00000011
0.00000028
0.00000012
0.00000026
-0.33333325
-0.45561250
0.00000011
0.00000019
-0.33333323
-0.75117787
0.00000013
0.00000019
0.00000012
0.00000018
0.00000008
0.00000013
0.00000011
0.00000036
0.00000013
0.00000020
0.00000010
0.00000011
0.00000014
0.00000015
0.00000011
0.00000027
0.00000011
0.00000025
0.00000015
0.00000016
0.00000007
0.00000008
0.00000010
0.00000026
0.00000010
0.00000024
0.00000011
0.00000018
0.00000009
0.00000016
0.00000011
0.00000040
0.00000013
0.00000019
0.00000009
0.00000014
0.00000011
0.00000017
0.00000011
0.00000036
0.00000013
0.00000020
-0.33333326
-0.40207664
0.00000013
0.00000017
-0.33333323
-0.66291217
0.00000012
0.00000021
0.00000013
0.00000017
0.00000008
0.00000011
0.00000011
0.00000032
0.00000012
0.00000021
-0.33333324
-0.51627657
0.00000010
0.00000020
-0.33333323
-0.85119600
0.00000015
0.00000017
0.00000012
0.00000014
0.00000011
0.00000013
0.00000011
0.00000030
0.00000012
0.00000024
0.00000009
0.00000011
0.00000014
0.00000016
0.00000011
0.00000029
0.00000012
0.00000023
0.00000014
0.00000016
0.00000008
0.00000010
0.00000010
0.00000029
0.00000011
0.00000022
0.00000010
0.00000019
0.00000009
0.00000018
0.00000011
0.00000044
0.00000014
0.00000018
0.00000011
0.00000014
0.00000011
0.00000015
0.00000011
0.00000033
0.00000012
0.00000022
0.00000008
0.00000009
0.00000015
0.00000015
0.00000011
0.00000027
0.00000011
0.00000024
0.00000014
0.00000015
0.00000009
0.00000010
0.00000011
0.00000027
0.00000011
0.00000025
0.00000010
0.00000016
0.00000010
0.00000017
0.00000011
0.00000040
0.00000013
0.00000019
0.00000011
0.00000016
0.00000010
0.00000015
0.00000011
0.00000036
0.00000013
0.00000021
0.00000012
0.00000012
0.00000012
0.00000013
0.00000012
0.00000028
0.00000012
0.00000026
0.00000015
0.00000016
0.00000000
0.00000000
0.00000000
0.00000000
-0.33333324
-0.54957354
0.00000012
0.00000019
0.00000000
0.00000000
0.00000000
0.00000000
0.00000013
0.00000019
-0.33333326
-0.42800835
0.00000012
0.00000018
-0.33333323
-0.70566632
0.00000012
0.00000020
0.00000009
0.00000012
0.00000012
0.00000016
0.00000011
0.00000033
0.00000012
0.00000022
0.00000014
0.00000018
0.00000000
0.00000000
0.00000000
0.00000000
0.00000011
0.00000020
0.00000010
0.00000021
0.00000000
0.00000000
0.00000000
0.00000000
0.00000014
0.00000017
0.00000010
0.00000012
0.00000012
0.00000015
0.00000011
0.00000030
0.00000012
0.00000024
-0.33333327
-0.37771606
0.00000014
0.00000017
-0.33333323
-0.62274837
0.00000011
0.00000022
0.00000013
0.00000015
0.00000009
0.00000012
0.00000011
0.00000030
0.00000012
0.00000023
-0.33333325
-0.48499697
0.00000010
0.00000020
-0.33333323
-0.79962466
0.00000014
0.00000018
0.00000012
0.00000016
0.00000010
0.00000013
0.00000011
0.00000033
0.00000012
0.00000022
0.00000000
0.00000000
0.00000000
0.00000000
0.00000000
0.00000000
0.00000000
0.00000000
0.00000000
0.00000000
0.00000000
0.00000000
0.00000000
0.00000000
0.00000000
0.00000000
0.00000000
0.00000000
2.68734319
1.33302308
0.00000000
2.68734319
1.37533225
0.00000000
-0.00020919
-0.00020134
-0.00020104
-0.00020919
-0.00021767
-0.00021737
1.33325627
1.33326117
0.00000000
2.23224527
2.26738922
0.00000000
1.33325627
-0.00007789
1.33325120
2.23224527
-0.00064612
2.19764582
-0.00024133
-0.00023138
-0.00023542
-0.00024133
-0.00024753
-0.00025154
-0.00024976
-0.00024406
-0.00023965
-0.00024976
-0.00026012
-0.00025574
-0.00004351
-0.00004089
-0.00004057
-0.00064294
-0.00066431
-0.00066407
-0.00004351
-0.00004664
-0.00004633
-0.00064294
-0.00062247
-0.00062222
1.33315564
1.33316317
0.00000000
1.73855493
1.76592963
0.00000000
-0.00011788
-0.00011436
-0.00011164
-0.00038721
-0.00040163
-0.00039921
1.33331528
1.33331759
0.00000000
2.86604143
2.91115833
0.00000000
-0.00011302
-0.00011707
-0.00011921
-0.00038282
-0.00036904
-0.00037099
-0.00011788
-0.00012435
-0.00012164
-0.00038721
-0.00037566
-0.00037320
1.33315564
-0.00017998
1.33314797
1.73855493
-0.00042489
1.71160439
1.33331528
-0.00001837
1.33331279
2.86604143
-0.00104211
2.82162348
-0.00011302
-0.00010706
-0.00010921
-0.00038282
-0.00039510
-0.00039703
-0.00027859
-0.00026821
-0.00027336
-0.00027859
-0.00028408
-0.00028917
-0.00022115
-0.00021449
-0.00021186
-0.00022115
-0.00023075
-0.00022813
-0.00005103
-0.00004716
-0.00004933
-0.00064868
-0.00066903
-0.00067064
-0.00005103
-0.00005291
-0.00005508
-0.00064868
-0.00062733
-0.00062900
-0.00021644
-0.00020740
-0.00020949
-0.00021644
-0.00022370
-0.00022577
-0.00028895
-0.00028383
-0.00027857
-0.00028895
-0.00029953
-0.00029433
-0.00005594
-0.00005453
-0.00005179
-0.00065238
-0.00067448
-0.00067247
-0.00005594
-0.00006027
-0.00005753
-0.00065238
-0.00063297
-0.00063088
-0.00013874
-0.00013179
-0.00013597
-0.00040585
-0.00041708
-0.00042074
-0.00014750
-0.00014493
-0.00014036
-0.00041357
-0.00042854
-0.00042457
-0.00001052
-0.00000946
-0.00000914
-0.00107207
-0.00110645
-0.00110630
-0.00010558
-0.00011086
-0.00011055
-0.00037606
-0.00036336
-0.00036307
-0.00014750
-0.00015484
-0.00015028
-0.00041357
-0.00040299
-0.00039894
-0.00013874
-0.00014173
-0.00014590
-0.00040585
-0.00039133
-0.00039506
-0.00001052
-0.00001208
-0.00001177
-0.00107207
-0.00103886
-0.00103869
-0.00010558
-0.00010085
-0.00010053
-0.00037606
-0.00038950
-0.00038921
1.33308957
1.33309841
0.00000000
1.53428757
1.55844742
0.00000000
-0.00015481
-0.00014930
-0.00014776
-0.00028642
-0.00029766
-0.00029620
1.33329094
1.33329455
0.00000000
2.52937835
2.56919790
0.00000000
-0.00008868
-0.00009099
-0.00009425
-0.00050932
-0.00049184
-0.00049458
-0.00016916
-0.00016130
-0.00016450
-0.00030011
-0.00030903
-0.00031206
-0.00021175
-0.00020812
-0.00020302
-0.00034022
-0.00035276
-0.00034806
-0.00002769
-0.00002652
-0.00002495
-0.00083438
-0.00086177
-0.00086078
-0.00007407
-0.00007880
-0.00007724
-0.00049707
-0.00048151
-0.00048018
1.33321119
1.33321740
0.00000000
1.97000256
2.00101969
0.00000000
-0.00009572
-0.00009387
-0.00009010
-0.00051513
-0.00053321
-0.00053016
1.33332932
1.33333035
0.00000000
3.24749083
3.29860945
0.00000000
-0.00015234
-0.00015844
-0.00015937
-0.00028406
-0.00027347
-0.00027436
-0.00017606
-0.00018439
-0.00018072
-0.00030666
-0.00029836
-0.00029484
-0.00020183
-0.00020585
-0.00021066
-0.00033096
-0.00031874
-0.00032328
-0.00002517
-0.00002683
-0.00002778
-0.00083274
-0.00080629
-0.00080692
-0.00007156
-0.00006735
-0.00006829
-0.00049495
-0.00051133
-0.00051212
-0.00021175
-0.00022068
-0.00021561
-0.00034022
-0.00033271
-0.00032794
-0.00016916
-0.00017408
-0.00017728
-0.00030011
-0.00028849
-0.00029155
-0.00002769
-0.00003061
-0.00002904
-0.00083438
-0.00080881
-0.00080777
-0.00007407
-0.00007111
-0.00006955
-0.00049707
-0.00051448
-0.00051318
-0.00015481
-0.00016213
-0.00016060
-0.00028642
-0.00027702
-0.00027554
1.33308957
-0.00024730
1.33308058
1.53428757
-0.00035748
1.51050210
1.33329094
-0.00004287
1.33328717
2.52937835
-0.00081681
2.49017570
-0.00008868
-0.00008331
-0.00008658
-0.00050932
-0.00052460
-0.00052728
-0.00009572
-0.00010153
-0.00009777
-0.00051513
-0.00050064
-0.00049751
1.33321119
-0.00012355
1.33320482
1.97000256
-0.00051858
1.93946602
1.33332932
-0.00000426
1.33332812
3.24749083
-0.00133598
3.19716411
-0.00015234
-0.00014560
-0.00014653
-0.00028406
-0.00029414
-0.00029502
-0.00020183
-0.00019320
-0.00019804
-0.00033096
-0.00033897
-0.00034345
-0.00017606
-0.00017165
-0.00016796
-0.00030666
-0.00031880
-0.00031532
-0.00002517
-0.00002274
-0.00002369
-0.00083274
-0.00085937
-0.00085998
-0.00007156
-0.00007504
-0.00007599
-0.00049495
-0.00047829
-0.00047910
-0.00029947
-0.00028912
-0.00029442
-0.00029947
-0.00030476
-0.00031000
-0.00021284
-0.00020560
-0.00020409
-0.00021284
-0.00022190
-0.00022040
-0.00006196
-0.00005754
-0.00006082
-0.00065688
-0.00067670
-0.00067908
-0.00006196
-0.00006329
-0.00006656
-0.00065688
-0.00063525
-0.00063772
-0.00022693
-0.00021739
-0.00022054
-0.00022693
-0.00023363
-0.00023676
-0.00026851
-0.00026315
-0.00025819
-0.00026851
-0.00027906
-0.00027414
-0.00004729
-0.00004530
-0.00004373
-0.00064584
-0.00066763
-0.00066645
-0.00004729
-0.00005105
-0.00004948
-0.00064584
-0.00062589
-0.00062467
-0.00015699
-0.00014969
-0.00015460
-0.00042185
-0.00043265
-0.00043687
-0.00013082
-0.00012782
-0.00012408
-0.00039882
-0.00041358
-0.00041028
-0.00001179
-0.00001009
-0.00001104
-0.00107271
-0.00110675
-0.00110720
-0.00010683
-0.00011149
-0.00011243
-0.00037720
-0.00036393
-0.00036479
-0.00013082
-0.00013777
-0.00013405
-0.00039882
-0.00038779
-0.00038443
-0.00015699
-0.00015958
-0.00016447
-0.00042185
-0.00040716
-0.00041146
-0.00001179
-0.00001272
-0.00001367
-0.00107271
-0.00103919
-0.00103969
-0.00010683
-0.00010147
-0.00010241
-0.00037720
-0.00039006
-0.00039091
-0.00025886
-0.00024863
-0.00025334
-0.00025886
-0.00026465
-0.00026933
-0.00023368
-0.00022755
-0.00022393
-0.00023368
-0.00024372
-0.00024013
-0.00004477
-0.00004152
-0.00004247
-0.00064391
-0.00066479
-0.00066550
-0.00004477
-0.00004728
-0.00004822
-0.00064391
-0.00062296
-0.00062370
-0.00021041
-0.00020195
-0.00020287
-0.00021041
-0.00021828
-0.00021919
-0.00031001
-0.00030501
-0.00029972
-0.00031001
-0.00032045
-0.00031524
-0.00006903
-0.00006814
-0.00006436
-0.00066207
-0.00068434
-0.00068164
-0.00006903
-0.00007388
-0.00007010
-0.00066207
-0.00064317
-0.00064036
-0.00012384
-0.00011734
-0.00012059
-0.00039257
-0.00040430
-0.00040718
-0.00016709
-0.00016486
-0.00015966
-0.00043056
-0.00044558
-0.00044119
-0.00001431
-0.00001387
-0.00001230
-0.00107396
-0.00110854
-0.00110780
-0.00010932
-0.00011522
-0.00011367
-0.00037947
-0.00036735
-0.00036593
-0.00016709
-0.00017469
-0.00016952
-0.00043056
-0.00042034
-0.00041585
-0.00012384
-0.00012732
-0.00013056
-0.00039257
-0.00037836
-0.00038129
-0.00001431
-0.00001650
-0.00001493
-0.00107396
-0.00104115
-0.00104034
-0.00010932
-0.00010521
-0.00010366
-0.00037947
-0.00039343
-0.00039204
-0.00022213
-0.00021332
-0.00021863
-0.00034986
-0.00035755
-0.00036240
-0.00016328
-0.00015835
-0.00015566
-0.00029450
-0.00030624
-0.00030370
-0.00003143
-0.00002839
-0.00003056
-0.00083680
-0.00086295
-0.00086431
-0.00007779
-0.00008066
-0.00008282
-0.00050021
-0.00048310
-0.00048493
-0.00015847
-0.00015113
-0.00015326
-0.00028992
-0.00029940
-0.00030142
-0.00023285
-0.00022944
-0.00022400
-0.00035972
-0.00037223
-0.00036730
-0.00003635
-0.00003576
-0.00003302
-0.00083994
-0.00086752
-0.00086584
-0.00008268
-0.00008799
-0.00008526
-0.00050432
-0.00048931
-0.00048701
-0.00010371
-0.00009787
-0.00010209
-0.00052165
-0.00053643
-0.00053981
-0.00011255
-0.00011113
-0.00010651
-0.00052877
-0.00054696
-0.00054333
-0.00000274
-0.00000235
-0.00000203
-0.00137825
-0.00142208
-0.00142200
-0.00015110
-0.00015782
-0.00015751
-0.00028287
-0.00027287
-0.00027257
-0.00019249
-0.00020119
-0.00019670
-0.00032219
-0.00031433
-0.00031007
-0.00018387
-0.00018829
-0.00019240
-0.00031406
-0.00030207
-0.00030598
-0.00002390
-0.00002620
-0.00002588
-0.00083191
-0.00080586
-0.00080565
-0.00007030
-0.00006672
-0.00006640
-0.00049388
-0.00051080
-0.00051053
-0.00023285
-0.00024186
-0.00023646
-0.00035972
-0.00035246
-0.00034745
-0.00015847
-0.00016396
-0.00016607
-0.00028992
-0.00027878
-0.00028081
-0.00003635
-0.00003985
-0.00003711
-0.00083994
-0.00081487
-0.00081309
-0.00008268
-0.00008031
-0.00007758
-0.00050432
-0.00052213
-0.00051987
-0.00016328
-0.00017114
-0.00016847
-0.00029450
-0.00028568
-0.00028311
-0.00022213
-0.00022585
-0.00023112
-0.00034986
-0.00033756
-0.00034248
-0.00003143
-0.00003248
-0.00003465
-0.00083680
-0.00081005
-0.00081148
-0.00007779
-0.00007297
-0.00007513
-0.00050021
-0.00051604
-0.00051784
-0.00011255
-0.00011876
-0.00011415
-0.00052877
-0.00051474
-0.00051100
-0.00010371
-0.00010552
-0.00010973
-0.00052165
-0.00050394
-0.00050740
-0.00000274
-0.00000363
-0.00000331
-0.00137825
-0.00133578
-0.00133567
-0.00015110
-0.00014497
-0.00014466
-0.00028287
-0.00029354
-0.00029325
-0.00018387
-0.00017556
-0.00017969
-0.00031406
-0.00032248
-0.00032635
-0.00019249
-0.00018853
-0.00018402
-0.00032219
-0.00033461
-0.00033040
-0.00002390
-0.00002211
-0.00002179
-0.00083191
-0.00085897
-0.00085876
-0.00007030
-0.00007441
-0.00007410
-0.00049388
-0.00047775
-0.00047748
1.33305257
1.33306208
0.00000000
1.44133426
1.46403110
0.00000000
-0.00017964
-0.00017301
-0.00017208
-0.00024507
-0.00025488
-0.00025398
1.33327490
1.33327915
0.00000000
2.37617410
2.41358290
0.00000000
-0.00008141
-0.00008295
-0.00008672
-0.00058430
-0.00056476
-0.00056774
-0.00020315
-0.00019427
-0.00019793
-0.00026804
-0.00027553
-0.00027907
-0.00022866
-0.00022405
-0.00021927
-0.00029281
-0.00030424
-0.00029965
-0.00003414
-0.00003226
-0.00003132
-0.00073271
-0.00075695
-0.00075629
-0.00005720
-0.00006111
-0.00006017
-0.00056504
-0.00054714
-0.00054637
1.33318473
1.33319159
0.00000000
1.85066585
1.87980493
0.00000000
-0.00010511
-0.00010246
-0.00009920
-0.00044754
-0.00046373
-0.00046094
1.33332358
1.33332525
0.00000000
3.05081306
3.09883720
0.00000000
-0.00013066
-0.00013569
-0.00013723
-0.00033022
-0.00031810
-0.00031954
-0.00014510
-0.00015248
-0.00014927
-0.00034365
-0.00033381
-0.00033081
-0.00018806
-0.00019116
-0.00019629
-0.00038279
-0.00036937
-0.00037401
-0.00002027
-0.00002124
-0.00002281
-0.00094696
-0.00091707
-0.00091801
-0.00009054
-0.00008547
-0.00008703
-0.00043483
-0.00044906
-0.00045041
-0.00023846
-0.00022897
-0.00023401
-0.00030229
-0.00030896
-0.00031378
-0.00019632
-0.00019085
-0.00018766
-0.00026138
-0.00027221
-0.00026912
-0.00003666
-0.00003352
-0.00003509
-0.00073451
-0.00075783
-0.00075892
-0.00005971
-0.00006237
-0.00006393
-0.00056707
-0.00054817
-0.00054945
-0.00018209
-0.00017423
-0.00017576
-0.00024747
-0.00025607
-0.00025756
-0.00026999
-0.00026584
-0.00026043
-0.00033257
-0.00034399
-0.00033889
-0.00005135
-0.00005064
-0.00004735
-0.00074476
-0.00076951
-0.00076731
-0.00007436
-0.00007942
-0.00007615
-0.00057877
-0.00056196
-0.00055934
-0.00011212
-0.00010597
-0.00010972
-0.00045359
-0.00046673
-0.00046992
-0.00013843
-0.00013665
-0.00013170
-0.00047580
-0.00049231
-0.00048827
-0.00000723
-0.00000682
-0.00000587
-0.00121633
-0.00125521
-0.00125485
-0.00012818
-0.00013445
-0.00013352
-0.00032791
-0.00031693
-0.00031605
-0.00017804
-0.00018616
-0.00018130
-0.00037378
-0.00036483
-0.00036040
-0.00015205
-0.00015595
-0.00015966
-0.00035006
-0.00033703
-0.00034047
-0.00001775
-0.00001998
-0.00001903
-0.00094550
-0.00091631
-0.00091574
-0.00008804
-0.00008422
-0.00008328
-0.00043263
-0.00044797
-0.00044714
1.33312393
1.33313211
0.00000000
1.63323246
1.65894957
0.00000000
-0.00013434
-0.00012986
-0.00012773
-0.00033366
-0.00034643
-0.00034446
1.33330440
1.33330736
0.00000000
2.69245548
2.73484107
0.00000000
-0.00009913
-0.00010227
-0.00010499
-0.00044235
-0.00042678
-0.00042917
-0.00013918
-0.00013229
-0.00013498
-0.00033815
-0.00034867
-0.00035116
-0.00019856
-0.00019578
-0.00019042
-0.00039214
-0.00040584
-0.00040115
-0.00002401
-0.00002352
-0.00002134
-0.00094911
-0.00097995
-0.00097876
-0.00009425
-0.00009983
-0.00009768
-0.00043809
-0.00042463
-0.00042273
1.33323503
1.33324059
0.00000000
2.09703055
2.13004670
0.00000000
-0.00008943
-0.00008831
-0.00008407
-0.00059049
-0.00061058
-0.00060740
1.33333251
1.33333290
0.00000000
3.45684155
3.51125396
0.00000000
-0.00017841
-0.00018565
-0.00018596
-0.00024386
-0.00023469
-0.00023500
-0.00021089
-0.00022022
-0.00021616
-0.00027557
-0.00026864
-0.00026466
-0.00021943
-0.00022448
-0.00022891
-0.00028387
-0.00027281
-0.00027715
-0.00003287
-0.00003526
-0.00003557
-0.00073180
-0.00070848
-0.00070871
-0.00005593
-0.00005254
-0.00005285
-0.00056401
-0.00058277
-0.00058303
-0.00024870
-0.00025844
-0.00025326
-0.00031216
-0.00030592
-0.00030088
-0.00019049
-0.00019652
-0.00019917
-0.00025568
-0.00024539
-0.00024799
-0.00004040
-0.00004402
-0.00004185
-0.00073715
-0.00071483
-0.00071327
-0.00006344
-0.00006128
-0.00005912
-0.00057008
-0.00058974
-0.00058803
-0.00018572
-0.00019414
-0.00019204
-0.00025102
-0.00024305
-0.00024099
-0.00025926
-0.00026370
-0.00026901
-0.00032230
-0.00031102
-0.00031617
-0.00004531
-0.00004648
-0.00004922
-0.00074060
-0.00071658
-0.00071853
-0.00006834
-0.00006374
-0.00006647
-0.00057400
-0.00059168
-0.00059383
-0.00012008
-0.00012665
-0.00012245
-0.00046039
-0.00044797
-0.00044436
-0.00012889
-0.00013105
-0.00013564
-0.00046783
-0.00045173
-0.00045563
-0.00000596
-0.00000686
-0.00000718
-0.00121582
-0.00117814
-0.00117827
-0.00012693
-0.00012122
-0.00012153
-0.00032674
-0.00033842
-0.00033871
-0.00016862
-0.00016084
-0.00016538
-0.00036524
-0.00037476
-0.00037886
-0.00015992
-0.00015648
-0.00015232
-0.00035729
-0.00037081
-0.00036704
-0.00001648
-0.00001474
-0.00001506
-0.00094476
-0.00097506
-0.00097524
-0.00008678
-0.00009114
-0.00009145
-0.00043152
-0.00041693
-0.00041721
-0.00026999
-0.00027971
-0.00027436
-0.00033257
-0.00032651
-0.00032133
-0.00018209
-0.00018871
-0.00019023
-0.00024747
-0.00023771
-0.00023920
-0.00005135
-0.00005552
-0.00005224
-0.00074476
-0.00072296
-0.00072066
-0.00007436
-0.00007276
-0.00006948
-0.00057877
-0.00059872
-0.00059618
-0.00019632
-0.00020525
-0.00020208
-0.00026138
-0.00025396
-0.00025085
-0.00023846
-0.00024315
-0.00024815
-0.00030229
-0.00029104
-0.00029592
-0.00003666
-0.00003842
-0.00003998
-0.00073451
-0.00071078
-0.00071192
-0.00005971
-0.00005569
-0.00005725
-0.00056707
-0.00058530
-0.00058654
-0.00013843
-0.00014534
-0.00014040
-0.00047580
-0.00046379
-0.00045965
-0.00011212
-0.00011473
-0.00011848
-0.00045359
-0.00043768
-0.00044093
-0.00000723
-0.00000876
-0.00000781
-0.00121633
-0.00117895
-0.00117854
-0.00012818
-0.00012310
-0.00012216
-0.00032791
-0.00034016
-0.00033929
-0.00015205
-0.00014466
-0.00014838
-0.00035006
-0.00036004
-0.00036344
-0.00017804
-0.00017498
-0.00017010
-0.00037378
-0.00038747
-0.00038311
-0.00001775
-0.00001664
-0.00001569
-0.00094550
-0.00097614
-0.00097560
-0.00008804
-0.00009302
-0.00009208
-0.00043263
-0.00041860
-0.00041777
-0.00022866
-0.00023827
-0.00023352
-0.00029281
-0.00028628
-0.00028164
-0.00020315
-0.00020866
-0.00021230
-0.00026804
-0.00025731
-0.00026088
-0.00003414
-0.00003716
-0.00003621
-0.00073271
-0.00070987
-0.00070918
-0.00005720
-0.00005443
-0.00005349
-0.00056504
-0.00058429
-0.00058353
-0.00017964
-0.00018749
-0.00018657
-0.00024507
-0.00023651
-0.00023560
1.33305257
-0.00028508
1.33304291
1.44133426
-0.00033168
1.41898913
1.33327490
-0.00005906
1.33327049
2.37617410
-0.00072541
2.33934486
-0.00008141
-0.00007629
-0.00008006
-0.00058430
-0.00060145
-0.00060435
-0.00010511
-0.00011123
-0.00010798
-0.00044754
-0.00043463
-0.00043179
1.33318473
-0.00015041
1.33317771
1.85066585
-0.00046802
1.82197826
1.33332358
-0.00001002
1.33332174
3.05081306
-0.00117949
3.00353290
-0.00013066
-0.00012434
-0.00012588
-0.00033022
-0.00034131
-0.00034275
-0.00018806
-0.00018001
-0.00018516
-0.00038279
-0.00039194
-0.00039651
-0.00014510
-0.00014118
-0.00013795
-0.00034365
-0.00035686
-0.00035389
-0.00002027
-0.00001790
-0.00001947
-0.00094696
-0.00097685
-0.00097772
-0.00009054
-0.00009427
-0.00009583
-0.00043483
-0.00041971
-0.00042109
-0.00019856
-0.00020686
-0.00020153
-0.00039214
-0.00038350
-0.00037872
-0.00013918
-0.00014362
-0.00014631
-0.00033815
-0.00032553
-0.00032805
-0.00002401
-0.00002685
-0.00002468
-0.00094911
-0.00092039
-0.00091911
-0.00009425
-0.00009104
-0.00008889
-0.00043809
-0.00045390
-0.00045203
-0.00013434
-0.00014120
-0.00013907
-0.00033366
-0.00032327
-0.00032127
1.33312393
-0.00021227
1.33311559
1.63323246
-0.00038831
1.60791384
1.33330440
-0.00002931
1.33330127
2.69245548
-0.00092183
2.65072654
-0.00009913
-0.00009348
-0.00009621
-0.00044235
-0.00045601
-0.00045836
-0.00008943
-0.00009495
-0.00009073
-0.00059049
-0.00057417
-0.00057088
1.33323503
-0.00009939
1.33322932
2.09703055
-0.00057758
2.06452594
1.33333251
-0.00000107
1.33333194
3.45684156
-0.00151381
3.40327207
-0.00017841
-0.00017115
-0.00017146
-0.00024386
-0.00025307
-0.00025338
-0.00021943
-0.00021018
-0.00021464
-0.00028387
-0.00029090
-0.00029520
-0.00021089
-0.00020590
-0.00020181
-0.00027557
-0.00028677
-0.00028282
-0.00003287
-0.00003036
-0.00003068
-0.00073180
-0.00075562
-0.00075584
-0.00005593
-0.00005922
-0.00005954
-0.00056401
-0.00054559
-0.00054585
-0.00025926
-0.00024968
-0.00025504
-0.00032230
-0.00032872
-0.00033379
-0.00018572
-0.00017969
-0.00017758
-0.00025102
-0.00026138
-0.00025933
-0.00004531
-0.00004159
-0.00004433
-0.00074060
-0.00076341
-0.00076527
-0.00006834
-0.00007041
-0.00007314
-0.00057400
-0.00055472
-0.00055693
-0.00019049
-0.00018208
-0.00018474
-0.00025568
-0.00026370
-0.00026628
-0.00024870
-0.00024438
-0.00023915
-0.00031216
-0.00032367
-0.00031869
-0.00004040
-0.00003913
-0.00003696
-0.00073715
-0.00076172
-0.00076022
-0.00006344
-0.00006796
-0.00006580
-0.00057008
-0.00055273
-0.00055097
-0.00012889
-0.00012232
-0.00012692
-0.00046783
-0.00048051
-0.00048432
-0.00012008
-0.00011791
-0.00011371
-0.00046039
-0.00047682
-0.00047329
-0.00000596
-0.00000492
-0.00000524
-0.00121582
-0.00125449
-0.00125461
-0.00012693
-0.00013258
-0.00013289
-0.00032674
-0.00031517
-0.00031547
-0.00015992
-0.00016773
-0.00016359
-0.00035729
-0.00034794
-0.00034411
-0.00016862
-0.00017207
-0.00017660
-0.00036524
-0.00035194
-0.00035610
-0.00001648
-0.00001808
-0.00001840
-0.00094476
-0.00091516
-0.00091536
-0.00008678
-0.00008233
-0.00008265
-0.00043152
-0.00044632
-0.00044659
-0.00029972
-0.00030501
-0.00031524
-0.00032045
-0.00020287
-0.00020195
-0.00021919
-0.00021828
-0.00006436
-0.00006814
-0.00068164
-0.00068434
-0.00007010
-0.00007388
-0.00064036
-0.00064317
-0.00022393
-0.00022755
-0.00024013
-0.00024372
-0.00025334
-0.00024863
-0.00026933
-0.00026465
-0.00004247
-0.00004152
-0.00066550
-0.00066479
-0.00004822
-0.00004728
-0.00062370
-0.00062296
-0.00015966
-0.00016486
-0.00044119
-0.00044558
-0.00012059
-0.00011734
-0.00040718
-0.00040430
-0.00001230
-0.00001387
-0.00110780
-0.00110854
-0.00011367
-0.00011522
-0.00036593
-0.00036735
-0.00013056
-0.00012732
-0.00038129
-0.00037836
-0.00016952
-0.00017469
-0.00041585
-0.00042034
-0.00001493
-0.00001650
-0.00104034
-0.00104115
-0.00010366
-0.00010521
-0.00039204
-0.00039343
-0.00025819
-0.00026315
-0.00027414
-0.00027906
-0.00022054
-0.00021739
-0.00023676
-0.00023363
-0.00004373
-0.00004530
-0.00066645
-0.00066763
-0.00004948
-0.00005105
-0.00062467
-0.00062589
-0.00020409
-0.00020560
-0.00022040
-0.00022190
-0.00029442
-0.00028912
-0.00031000
-0.00030476
-0.00006082
-0.00005754
-0.00067908
-0.00067670
-0.00006656
-0.00006329
-0.00063772
-0.00063525
-0.00012408
-0.00012782
-0.00041028
-0.00041358
-0.00015460
-0.00014969
-0.00043687
-0.00043265
-0.00001104
-0.00001009
-0.00110720
-0.00110675
-0.00011243
-0.00011149
-0.00036479
-0.00036393
-0.00016447
-0.00015958
-0.00041146
-0.00040716
-0.00013405
-0.00013777
-0.00038443
-0.00038779
-0.00001367
-0.00001272
-0.00103969
-0.00103919
-0.00010241
-0.00010147
-0.00039091
-0.00039006
-0.00022400
-0.00022944
-0.00036730
-0.00037223
-0.00015326
-0.00015113
-0.00030142
-0.00029940
-0.00003302
-0.00003576
-0.00086584
-0.00086752
-0.00008526
-0.00008799
-0.00048701
-0.00048931
-0.00015566
-0.00015835
-0.00030370
-0.00030624
-0.00021863
-0.00021332
-0.00036240
-0.00035755
-0.00003056
-0.00002839
-0.00086431
-0.00086295
-0.00008282
-0.00008066
-0.00048493
-0.00048310
-0.00010651
-0.00011113
-0.00054333
-0.00054696
-0.00010209
-0.00009787
-0.00053981
-0.00053643
-0.00000203
-0.00000235
-0.00142200
-0.00142208
-0.00015751
-0.00015782
-0.00027257
-0.00027287
-0.00019240
-0.00018829
-0.00030598
-0.00030207
-0.00019670
-0.00020119
-0.00031007
-0.00031433
-0.00002588
-0.00002620
-0.00080565
-0.00080586
-0.00006640
-0.00006672
-0.00051053
-0.00051080
-0.00023112
-0.00022585
-0.00034248
-0.00033756
-0.00016847
-0.00017114
-0.00028311
-0.00028568
-0.00003465
-0.00003248
-0.00081148
-0.00081005
-0.00007513
-0.00007297
-0.00051784
-0.00051604
-0.00016607
-0.00016396
-0.00028081
-0.00027878
-0.00023646
-0.00024186
-0.00034745
-0.00035246
-0.00003711
-0.00003985
-0.00081309
-0.00081487
-0.00007758
-0.00008031
-0.00051987
-0.00052213
-0.00010973
-0.00010552
-0.00050740
-0.00050394
-0.00011415
-0.00011876
-0.00051100
-0.00051474
-0.00000331
-0.00000363
-0.00133567
-0.00133578
-0.00014466
-0.00014497
-0.00029325
-0.00029354
-0.00018402
-0.00018853
-0.00033040
-0.00033461
-0.00017969
-0.00017556
-0.00032635
-0.00032248
-0.00002179
-0.00002211
-0.00085876
-0.00085897
-0.00007410
-0.00007441
-0.00047748
-0.00047775
-0.00027857
-0.00028383
-0.00029433
-0.00029953
-0.00020949
-0.00020740
-0.00022577
-0.00022370
-0.00005179
-0.00005453
-0.00067247
-0.00067448
-0.00005753
-0.00006027
-0.00063088
-0.00063297
-0.00021186
-0.00021449
-0.00022813
-0.00023075
-0.00027336
-0.00026821
-0.00028917
-0.00028408
-0.00004933
-0.00004716
-0.00067064
-0.00066903
-0.00005508
-0.00005291
-0.00062900
-0.00062733
-0.00014036
-0.00014493
-0.00042457
-0.00042854
-0.00013597
-0.00013179
-0.00042074
-0.00041708
-0.00000914
-0.00000946
-0.00110630
-0.00110645
-0.00011055
-0.00011086
-0.00036307
-0.00036336
-0.00014590
-0.00014173
-0.00039506
-0.00039133
-0.00015028
-0.00015484
-0.00039894
-0.00040299
-0.00001177
-0.00001208
-0.00103869
-0.00103886
-0.00010053
-0.00010085
-0.00038921
-0.00038950
-0.00023965
-0.00024406
-0.00025574
-0.00026012
-0.00023542
-0.00023138
-0.00025154
-0.00024753
-0.00004057
-0.00004089
-0.00066407
-0.00066431
-0.00004633
-0.00004664
-0.00062222
-0.00062247
-0.00020104
-0.00020134
-0.00021737
-0.00021767
0.00000000
1.33302308
0.00000000
1.37533225
0.00000000
1.33326117
0.00000000
2.26738922
1.33325120
-0.00007789
2.19764582
-0.00064612
-0.00011164
-0.00011436
-0.00039921
-0.00040163
0.00000000
1.33316317
0.00000000
1.76592963
0.00000000
1.33331759
0.00000000
2.91115833
-0.00011921
-0.00011707
-0.00037099
-0.00036904
1.33314797
-0.00017998
1.71160439
-0.00042489
-0.00012164
-0.00012435
-0.00037320
-0.00037566
1.33331279
-0.00001837
2.82162348
-0.00104211
-0.00010921
-0.00010706
-0.00039703
-0.00039510
-0.00020302
-0.00020812
-0.00034806
-0.00035276
-0.00016450
-0.00016130
-0.00031206
-0.00030903
-0.00002495
-0.00002652
-0.00086078
-0.00086177
-0.00007724
-0.00007880
-0.00048018
-0.00048151
-0.00014776
-0.00014930
-0.00029620
-0.00029766
0.00000000
1.33309841
0.00000000
1.55844742
0.00000000
1.33329455
0.00000000
2.56919790
-0.00009425
-0.00009099
-0.00049458
-0.00049184
-0.00009010
-0.00009387
-0.00053016
-0.00053321
0.00000000
1.33321740
0.00000000
2.00101969
0.00000000
1.33333035
0.00000000
3.29860945
-0.00015937
-0.00015844
-0.00027436
-0.00027347
-0.00021066
-0.00020585
-0.00032328
-0.00031874
-0.00018072
-0.00018439
-0.00029484
-0.00029836
-0.00002778
-0.00002683
-0.00080692
-0.00080629
-0.00006829
-0.00006735
-0.00051212
-0.00051133
1.33308058
-0.00024730
1.51050210
-0.00035748
-0.00016060
-0.00016213
-0.00027554
-0.00027702
1.33328717
-0.00004287
2.49017570
-0.00081681
-0.00008658
-0.00008331
-0.00052728
-0.00052460
-0.00017728
-0.00017408
-0.00029155
-0.00028849
-0.00021561
-0.00022068
-0.00032794
-0.00033271
-0.00002904
-0.00003061
-0.00080777
-0.00080881
-0.00006955
-0.00007111
-0.00051318
-0.00051448
1.33320482
-0.00012355
1.93946602
-0.00051858
-0.00009777
-0.00010153
-0.00049751
-0.00050064
1.33332812
-0.00000426
3.19716411
-0.00133598
-0.00014653
-0.00014560
-0.00029502
-0.00029414
-0.00016796
-0.00017165
-0.00031532
-0.00031880
-0.00019804
-0.00019320
-0.00034345
-0.00033897
-0.00002369
-0.00002274
-0.00085998
-0.00085937
-0.00007599
-0.00007504
-0.00047910
-0.00047829
-0.00026043
-0.00026584
-0.00033889
-0.00034399
-0.00017576
-0.00017423
-0.00025756
-0.00025607
-0.00004735
-0.00005064
-0.00076731
-0.00076951
-0.00007615
-0.00007942
-0.00055934
-0.00056196
-0.00018766
-0.00019085
-0.00026912
-0.00027221
-0.00023401
-0.00022897
-0.00031378
-0.00030896
-0.00003509
-0.00003352
-0.00075892
-0.00075783
-0.00006393
-0.00006237
-0.00054945
-0.00054817
-0.00013170
-0.00013665
-0.00048827
-0.00049231
-0.00010972
-0.00010597
-0.00046992
-0.00046673
-0.00000587
-0.00000682
-0.00125485
-0.00125521
-0.00013352
-0.00013445
-0.00031605
-0.00031693
-0.00015966
-0.00015595
-0.00034047
-0.00033703
-0.00018130
-0.00018616
-0.00036040
-0.00036483
-0.00001903
-0.00001998
-0.00091574
-0.00091631
-0.00008328
-0.00008422
-0.00044714
-0.00044797
-0.00021927
-0.00022405
-0.00029965
-0.00030424
-0.00019793
-0.00019427
-0.00027907
-0.00027553
-0.00003132
-0.00003226
-0.00075629
-0.00075695
-0.00006017
-0.00006111
-0.00054637
-0.00054714
-0.00017208
-0.00017301
-0.00025398
-0.00025488
0.00000000
1.33306208
0.00000000
1.46403110
0.00000000
1.33327915
0.00000000
2.41358290
-0.00008672
-0.00008295
-0.00056774
-0.00056476
-0.00009920
-0.00010246
-0.00046094
-0.00046373
0.00000000
1.33319159
0.00000000
1.87980493
0.00000000
1.33332525
0.00000000
3.09883720
-0.00013723
-0.00013569
-0.00031954
-0.00031810
-0.00019629
-0.00019116
-0.00037401
-0.00036937
-0.00014927
-0.00015248
-0.00033081
-0.00033381
-0.00002281
-0.00002124
-0.00091801
-0.00091707
-0.00008703
-0.00008547
-0.00045041
-0.00044906
-0.00019042
-0.00019578
-0.00040115
-0.00040584
-0.00013498
-0.00013229
-0.00035116
-0.00034867
-0.00002134
-0.00002352
-0.00097876
-0.00097995
-0.00009768
-0.00009983
-0.00042273
-0.00042463
-0.00012773
-0.00012986
-0.00034446
-0.00034643
0.00000000
1.33313211
0.00000000
1.65894957
0.00000000
1.33330736
0.00000000
2.73484107
-0.00010499
-0.00010227
-0.00042917
-0.00042678
-0.00008407
-0.00008831
-0.00060740
-0.00061058
0.00000000
1.33324059
0.00000000
2.13004670
0.00000000
1.33333290
0.00000000
3.51125396
-0.00018596
-0.00018565
-0.00023500
-0.00023469
-0.00022891
-0.00022448
-0.00027715
-0.00027281
-0.00021616
-0.00022022
-0.00026466
-0.00026864
-0.00003557
-0.00003526
-0.00070871
-0.00070848
-0.00005285
-0.00005254
-0.00058303
-0.00058277
-0.00026901
-0.00026370
-0.00031617
-0.00031102
-0.00019204
-0.00019414
-0.00024099
-0.00024305
-0.00004922
-0.00004648
-0.00071853
-0.00071658
-0.00006647
-0.00006374
-0.00059383
-0.00059168
-0.00019917
-0.00019652
-0.00024799
-0.00024539
-0.00025326
-0.00025844
-0.00030088
-0.00030592
-0.00004185
-0.00004402
-0.00071327
-0.00071483
-0.00005912
-0.00006128
-0.00058803
-0.00058974
-0.00013564
-0.00013105
-0.00045563
-0.00045173
-0.00012245
-0.00012665
-0.00044436
-0.00044797
-0.00000718
-0.00000686
-0.00117827
-0.00117814
-0.00012153
-0.00012122
-0.00033871
-0.00033842
-0.00015232
-0.00015648
-0.00036704
-0.00037081
-0.00016538
-0.00016084
-0.00037886
-0.00037476
-0.00001506
-0.00001474
-0.00097524
-0.00097506
-0.00009145
-0.00009114
-0.00041721
-0.00041693
1.33304291
-0.00028508
1.41898913
-0.00033168
-0.00018657
-0.00018749
-0.00023560
-0.00023651
1.33327049
-0.00005906
2.33934486
-0.00072541
-0.00008006
-0.00007629
-0.00060435
-0.00060145
-0.00021230
-0.00020866
-0.00026088
-0.00025731
-0.00023352
-0.00023827
-0.00028164
-0.00028628
-0.00003621
-0.00003716
-0.00070918
-0.00070987
-0.00005349
-0.00005443
-0.00058353
-0.00058429
1.33317771
-0.00015041
1.82197826
-0.00046802
-0.00010798
-0.00011123
-0.00043179
-0.00043463
1.33332174
-0.00001002
3.00353290
-0.00117949
-0.00012588
-0.00012434
-0.00034275
-0.00034131
-0.00013795
-0.00014118
-0.00035389
-0.00035686
-0.00018516
-0.00018001
-0.00039651
-0.00039194
-0.00001947
-0.00001790
-0.00097772
-0.00097685
-0.00009583
-0.00009427
-0.00042109
-0.00041971
-0.00024815
-0.00024315
-0.00029592
-0.00029104
-0.00020208
-0.00020525
-0.00025085
-0.00025396
-0.00003998
-0.00003842
-0.00071192
-0.00071078
-0.00005725
-0.00005569
-0.00058654
-0.00058530
-0.00019023
-0.00018871
-0.00023920
-0.00023771
-0.00027436
-0.00027971
-0.00032133
-0.00032651
-0.00005224
-0.00005552
-0.00072066
-0.00072296
-0.00006948
-0.00007276
-0.00059618
-0.00059872
-0.00011848
-0.00011473
-0.00044093
-0.00043768
-0.00014040
-0.00014534
-0.00045965
-0.00046379
-0.00000781
-0.00000876
-0.00117854
-0.00117895
-0.00012216
-0.00012310
-0.00033929
-0.00034016
-0.00017010
-0.00017498
-0.00038311
-0.00038747
-0.00014838
-0.00014466
-0.00036344
-0.00036004
-0.00001569
-0.00001664
-0.00097560
-0.00097614
-0.00009208
-0.00009302
-0.00041777
-0.00041860
1.33311559
-0.00021227
1.60791384
-0.00038831
-0.00013907
-0.00014120
-0.00032127
-0.00032327
1.33330127
-0.00002931
2.65072654
-0.00092183
-0.00009621
-0.00009348
-0.00045836
-0.00045601
-0.00014631
-0.00014362
-0.00032805
-0.00032553
-0.00020153
-0.00020686
-0.00037872
-0.00038350
-0.00002468
-0.00002685
-0.00091911
-0.00092039
-0.00008889
-0.00009104
-0.00045203
-0.00045390
1.33322932
-0.00009939
2.06452594
-0.00057758
-0.00009073
-0.00009495
-0.00057088
-0.00057417
1.33333194
-0.00000107
3.40327207
-0.00151381
-0.00017146
-0.00017115
-0.00025338
-0.00025307
-0.00020181
-0.00020590
-0.00028282
-0.00028677
-0.00021464
-0.00021018
-0.00029520
-0.00029090
-0.00003068
-0.00003036
-0.00075584
-0.00075562
-0.00005954
-0.00005922
-0.00054585
-0.00054559
-0.00023915
-0.00024438
-0.00031869
-0.00032367
-0.00018474
-0.00018208
-0.00026628
-0.00026370
-0.00003696
-0.00003913
-0.00076022
-0.00076172
-0.00006580
-0.00006796
-0.00055097
-0.00055273
-0.00017758
-0.00017969
-0.00025933
-0.00026138
-0.00025504
-0.00024968
-0.00033379
-0.00032872
-0.00004433
-0.00004159
-0.00076527
-0.00076341
-0.00007314
-0.00007041
-0.00055693
-0.00055472
-0.00011371
-0.00011791
-0.00047329
-0.00047682
-0.00012692
-0.00012232
-0.00048432
-0.00048051
-0.00000524
-0.00000492
-0.00125461
-0.00125449
-0.00013289
-0.00013258
-0.00031547
-0.00031517
-0.00017660
-0.00017207
-0.00035610
-0.00035194
-0.00016359
-0.00016773
-0.00034411
-0.00034794
-0.00001840
-0.00001808
-0.00091536
-0.00091516
-0.00008265
-0.00008233
-0.00044659
-0.00044632
0.00000000
1.33303307
0.00000000
1.39699024
-0.00019380
-0.00022647
0.00000000
1.33326591
0.00000000
2.30308616
-0.00007889
-0.00062497
-0.00022171
-0.00025405
-0.00023865
-0.00027075
-0.00003845
-0.00068641
-0.00004996
-0.00060269
0.00000000
1.33317052
0.00000000
1.79373514
-0.00011105
-0.00041650
0.00000000
1.33331975
0.00000000
2.95698506
-0.00012135
-0.00035569
-0.00013103
-0.00036456
-0.00018247
-0.00041055
-0.00001883
-0.00100947
-0.00010133
-0.00040786
-0.00025808
-0.00028986
-0.00020814
-0.00024065
-0.00004348
-0.00069012
-0.00005498
-0.00060664
-0.00019867
-0.00023129
-0.00027897
-0.00031033
-0.00005329
-0.00069726
-0.00006478
-0.00061426
-0.00012503
-0.00042878
-0.00014257
-0.00044392
-0.00000855
-0.00114197
-0.00011639
-0.00035111
-0.00016237
-0.00039285
-0.00014494
-0.00037720
-0.00001380
-0.00100675
-0.00009634
-0.00040340
0.00000000
1.33310708
0.00000000
1.58298751
-0.00014405
-0.00030928
0.00000000
1.33329799
0.00000000
2.60964399
-0.00009349
-0.00047487
-0.00015368
-0.00031835
-0.00020472
-0.00036561
-0.00002551
-0.00089004
-0.00008374
-0.00046651
0.00000000
1.33322344
0.00000000
2.03252490
-0.00009220
-0.00055180
0.00000000
1.33333123
0.00000000
3.35053225
-0.00016481
-0.00026324
-0.00019298
-0.00029042
-0.00021012
-0.00030683
-0.00002866
-0.00078069
-0.00006334
-0.00052831
-0.00022982
-0.00032555
-0.00017927
-0.00027723
-0.00003369
-0.00078413
-0.00006835
-0.00053246
-0.00016972
-0.00026799
-0.00025106
-0.00034553
-0.00004351
-0.00079070
-0.00007813
-0.00054048
-0.00010752
-0.00048671
-0.00012515
-0.00050126
-0.00000467
-0.00129471
-0.00013911
-0.00030461
-0.00018480
-0.00034735
-0.00016750
-0.00033129
-0.00002048
-0.00088693
-0.00007873
-0.00046219
-0.00027897
-0.00031033
-0.00019867
-0.00023129
-0.00005329
-0.00069726
-0.00006478
-0.00061426
-0.00020814
-0.00024065
-0.00025808
-0.00028986
-0.00004348
-0.00069012
-0.00005498
-0.00060664
-0.00014257
-0.00044392
-0.00012503
-0.00042878
-0.00000855
-0.00114197
-0.00011639
-0.00035111
-0.00014494
-0.00037720
-0.00016237
-0.00039285
-0.00001380
-0.00100675
-0.00009634
-0.00040340
-0.00023865
-0.00027075
-0.00022171
-0.00025405
-0.00003845
-0.00068641
-0.00004996
-0.00060269
-0.00019380
-0.00022647
1.33303307
0.00000000
1.39699024
0.00000000
1.33326591
0.00000000
2.30308616
0.00000000
-0.00007889
-0.00062497
-0.00011105
-0.00041650
1.33317052
0.00000000
1.79373514
0.00000000
1.33331975
0.00000000
2.95698506
0.00000000
-0.00012135
-0.00035569
-0.00018247
-0.00041055
-0.00013103
-0.00036456
-0.00001883
-0.00100947
-0.00010133
-0.00040786
-0.00020472
-0.00036561
-0.00015368
-0.00031835
-0.00002551
-0.00089004
-0.00008374
-0.00046651
-0.00014405
-0.00030928
1.33310708
0.00000000
1.58298751
0.00000000
1.33329799
0.00000000
2.60964399
0.00000000
-0.00009349
-0.00047487
-0.00009220
-0.00055180
1.33322344
0.00000000
2.03252490
0.00000000
1.33333123
0.00000000
3.35053225
0.00000000
-0.00016481
-0.00026324
-0.00021012
-0.00030683
-0.00019298
-0.00029042
-0.00002866
-0.00078069
-0.00006334
-0.00052831
-0.00025106
-0.00034553
-0.00016972
-0.00026799
-0.00004351
-0.00079070
-0.00007813
-0.00054048
-0.00017927
-0.00027723
-0.00022982
-0.00032555
-0.00003369
-0.00078413
-0.00006835
-0.00053246
-0.00012515
-0.00050126
-0.00010752
-0.00048671
-0.00000467
-0.00129471
-0.00013911
-0.00030461
-0.00016750
-0.00033129
-0.00018480
-0.00034735
-0.00002048
-0.00088693
-0.00007873
-0.00046219
0.00000000
1.33307140
0.00000000
1.48708516
-0.00016666
-0.00026504
0.00000000
1.33328325
0.00000000
2.45158033
-0.00008467
-0.00054577
-0.00018565
-0.00028337
-0.00021971
-0.00031596
-0.00003056
-0.00078199
-0.00006523
-0.00052988
0.00000000
1.33319829
0.00000000
1.90940257
-0.00010001
-0.00048040
0.00000000
1.33332677
0.00000000
3.14761687
-0.00014098
-0.00030637
-0.00016010
-0.00032438
-0.00019449
-0.00035627
-0.00002237
-0.00088811
-0.00008062
-0.00046382
-0.00021971
-0.00031596
-0.00018565
-0.00028337
-0.00003056
-0.00078199
-0.00006523
-0.00052988
-0.00016666
-0.00026504
1.33307140
0.00000000
1.48708516
0.00000000
1.33328325
0.00000000
2.45158033
0.00000000
-0.00008467
-0.00054577
-0.00010001
-0.00048040
1.33319829
0.00000000
1.90940257
0.00000000
1.33332677
0.00000000
3.14761687
0.00000000
-0.00014098
-0.00030637
-0.00019449
-0.00035627
-0.00016010
-0.00032438
-0.00002237
-0.00088811
-0.00008062
-0.00046382
0.00000000
1.33314012
0.00000000
1.68507141
-0.00012563
-0.00035962
0.00000000
1.33331016
0.00000000
2.77789354
-0.00010563
-0.00041169
-0.00012563
-0.00035962
1.33314012
0.00000000
1.68507141
0.00000000
1.33331016
0.00000000
2.77789354
0.00000000
-0.00010563
-0.00041169
0.00000000
1.33324598
0.00000000
2.16358238
1.33324598
0.00000000
2.16358238
0.00000000
0.00000000
2.66666648
0.00000000
0.00000000
7.13470736
0.00000000
-0.00019319
-0.00022586
-0.00022981
-0.00026204
-0.00022981
-0.00026204
-0.00003782
-0.00068593
-0.00004933
-0.00060219
-0.00026841
-0.00029999
-0.00020285
-0.00023543
-0.00004781
-0.00069330
-0.00005931
-0.00061002
-0.00020285
-0.00023543
-0.00026841
-0.00029999
-0.00004781
-0.00069330
-0.00005931
-0.00061002
-0.00013341
-0.00043605
-0.00013341
-0.00043605
-0.00000791
-0.00114168
-0.00011576
-0.00035054
-0.00015327
-0.00038470
-0.00015327
-0.00038470
-0.00001316
-0.00100640
-0.00009572
-0.00040284
-0.00028964
-0.00032075
-0.00019564
-0.00022829
-0.00005985
-0.00070195
-0.00007134
-0.00061927
-0.00021445
-0.00024689
-0.00024812
-0.00028007
-0.00004035
-0.00068781
-0.00005186
-0.00060418
-0.00015241
-0.00045227
-0.00011755
-0.00042223
-0.00001045
-0.00114283
-0.00011826
-0.00035284
-0.00013750
-0.00037046
-0.00017215
-0.00040151
-0.00001570
-0.00100778
-0.00009822
-0.00040509
-0.00024812
-0.00028007
-0.00021445
-0.00024689
-0.00004035
-0.00068781
-0.00005186
-0.00060418
-0.00019564
-0.00022829
-0.00028964
-0.00032075
-0.00005985
-0.00070195
-0.00007134
-0.00061927
-0.00011755
-0.00042223
-0.00015241
-0.00045227
-0.00001045
-0.00114283
-0.00011826
-0.00035284
-0.00017215
-0.00040151
-0.00013750
-0.00037046
-0.00001570
-0.00100778
-0.00009822
-0.00040509
-0.00021535
-0.00037523
-0.00014831
-0.00031329
-0.00002985
-0.00089268
-0.00008804
-0.00047021
-0.00014831
-0.00031329
-0.00021535
-0.00037523
-0.00002985
-0.00089268
-0.00008804
-0.00047021
-0.00010065
-0.00055847
-0.00010065
-0.00055847
-0.00000147
-0.00146723
-0.00016419
-0.00026264
-0.00020117
-0.00029828
-0.00020117
-0.00029828
-0.00002803
-0.00078025
-0.00006270
-0.00052778
-0.00024031
-0.00033545
-0.00017394
-0.00027208
-0.00003803
-0.00078705
-0.00007267
-0.00053602
-0.00017394
-0.00027208
-0.00024031
-0.00033545
-0.00003803
-0.00078705
-0.00007267
-0.00053602
-0.00011594
-0.00049370
-0.00011594
-0.00049370
-0.00000403
-0.00129449
-0.00013849
-0.00030402
-0.00017576
-0.00033898
-0.00017576
-0.00033898
-0.00001984
-0.00088654
-0.00007810
-0.00046164
