81 1
0.00000000
-0.76083479
0.00000000
0.00000000
-0.76083479
0.00000000
0.00063694
-0.33283340
-0.54880256
0.00000000
-0.66619727
0.00000000
0.00000000
-1.41024115
0.00000000
0.00000000
0.00000000
-0.33283340
-0.54880256
0.00000000
0.00000000
0.00000000
0.00000000
0.00000000
0.00000000
2.82589994
1.31998075
0.00000000
2.82589994
1.69039873
0.00000000
-0.01419718
-0.01120656
-0.01000888
-0.01419718
-0.01960979
-0.01847489
1.32978284
1.33149878
0.00000000
2.44897996
2.76893084
0.00000000
1.32978284
-0.00481681
1.32729645
2.44897996
-0.03202478
2.16525261
-0.01000888
-0.01120656
-0.01847489
-0.01960979
0.00000000
1.31998075
0.00000000
1.69039873
0.00000000
1.33149878
0.00000000
2.76893084
1.32729645
-0.00481681
2.16525261
-0.03202478
0.00000000
1.32404278
0.00000000
1.91352983
1.32404278
0.00000000
1.91352983
0.00000000
0.00000000
2.66587130
0.00000000
0.00000000
6.32779710
0.00000000
-0.00691687
-0.02434191
