1089 1
0.00000000
2.03079759
0.00000000
0.00000000
2.03079759
0.00000000
-0.00062744
-0.00062927
-0.00058033
-0.00062927
-0.00067837
0.00000000
0.99978101
0.00000000
0.00000000
1.69906216
0.00000000
0.00000000
0.99978101
0.99975077
0.00000000
1.69906216
1.64683673
-0.00073660
-0.00071246
-0.00067722
-0.00073660
-0.00071246
-0.00077410
-0.00076292
-0.00070267
-0.00076292
-0.00079918
-0.00013029
-0.00013219
-0.00011417
-0.00192896
-0.00193042
-0.00205868
-0.00013219
-0.00014871
-0.00193042
-0.00180742
0.00000000
0.99948284
0.00000000
0.00000000
1.32347940
0.00000000
-0.00034618
-0.00036242
-0.00032485
-0.00115504
-0.00116968
-0.00124230
0.00000000
0.99995168
0.00000000
0.00000000
2.18097570
0.00000000
-0.00033333
-0.00037030
-0.00114341
-0.00107293
-0.00034618
-0.00036242
-0.00038484
-0.00115504
-0.00116968
-0.00108625
0.00000000
0.99948284
0.99943645
0.00000000
1.32347940
1.28277965
0.00000000
0.99995168
0.99993721
0.00000000
2.18097570
2.11396774
-0.00033333
-0.00031025
-0.00114341
-0.00122932
-0.00085139
-0.00082070
-0.00078979
-0.00085139
-0.00082070
-0.00088485
-0.00065627
-0.00067203
-0.00061637
-0.00065627
-0.00067203
-0.00071402
-0.00016024
-0.00014726
-0.00013672
-0.00195177
-0.00194194
-0.00207532
-0.00016024
-0.00014726
-0.00017123
-0.00195177
-0.00194194
-0.00182513
-0.00064379
-0.00060215
-0.00064379
-0.00069996
-0.00088275
-0.00082116
-0.00088275
-0.00091560
-0.00017666
-0.00015145
-0.00196408
-0.00208605
-0.00017666
-0.00018595
-0.00196408
-0.00183657
-0.00042927
-0.00040423
-0.00038754
-0.00122920
-0.00120705
-0.00129731
-0.00042927
-0.00045667
-0.00041388
-0.00122920
-0.00125322
-0.00132005
-0.00003132
-0.00003323
-0.00002445
-0.00321668
-0.00321763
-0.00342600
-0.00031652
-0.00031841
-0.00034802
-0.00112815
-0.00112986
-0.00105242
-0.00045667
-0.00047339
-0.00125322
-0.00116640
-0.00040423
-0.00044721
-0.00120705
-0.00114291
-0.00003323
-0.00004020
-0.00321763
-0.00302014
-0.00031841
-0.00028788
-0.00112986
-0.00120933
0.00000000
0.99928501
0.00000000
0.00000000
1.16802417
0.00000000
-0.00046056
-0.00046976
-0.00042737
-0.00085563
-0.00086443
-0.00092339
0.00000000
0.99988209
0.00000000
0.00000000
1.92502463
0.00000000
-0.00027645
-0.00025687
-0.00029009
-0.00153678
-0.00152055
-0.00143297
-0.00051771
-0.00049852
-0.00047054
-0.00091012
-0.00089187
-0.00096406
-0.00062035
-0.00065084
-0.00059881
-0.00100684
-0.00103521
-0.00108291
-0.00007905
-0.00008845
-0.00007159
-0.00250097
-0.00250708
-0.00266756
-0.00021822
-0.00022758
-0.00024633
-0.00148807
-0.00149598
-0.00139553
0.00000000
0.99964804
0.00000000
0.00000000
1.49957992
0.00000000
-0.00029901
-0.00026516
-0.00155530
-0.00164651
0.00000000
0.99999012
0.00000000
0.00000000
2.47088776
0.00000000
-0.00045500
-0.00049703
-0.00085030
-0.00079231
-0.00053979
-0.00056784
-0.00093106
-0.00086064
-0.00059144
-0.00064473
-0.00097977
-0.00093423
-0.00007336
-0.00008859
-0.00249725
-0.00234426
-0.00021256
-0.00019262
-0.00148327
-0.00158734
-0.00062035
-0.00065084
-0.00067430
-0.00100684
-0.00103521
-0.00096234
-0.00051771
-0.00049852
-0.00054726
-0.00091012
-0.00089187
-0.00084083
-0.00007905
-0.00008845
-0.00009615
-0.00250097
-0.00250708
-0.00234942
-0.00021822
-0.00022758
-0.00020015
-0.00148807
-0.00149598
-0.00159358
-0.00046056
-0.00046976
-0.00050440
-0.00085563
-0.00086443
-0.00079944
0.00000000
0.99928501
0.99923041
0.00000000
1.16802417
1.13209651
0.00000000
0.99988209
0.99985979
0.00000000
1.92502463
1.86586712
-0.00027645
-0.00025687
-0.00024403
-0.00153678
-0.00152055
-0.00162950
-0.00029901
-0.00031116
-0.00155530
-0.00145076
0.00000000
0.99964804
0.99960978
0.00000000
1.49957992
1.45347549
0.00000000
0.99999012
0.99998341
0.00000000
2.47088776
2.39498954
-0.00045500
-0.00041995
-0.00085030
-0.00091638
-0.00059144
-0.00056890
-0.00097977
-0.00105550
-0.00053979
-0.00049129
-0.00093106
-0.00098349
-0.00007336
-0.00006404
-0.00249725
-0.00266289
-0.00021256
-0.00023882
-0.00148327
-0.00138904
-0.00091436
-0.00085304
-0.00091436
-0.00094677
-0.00063474
-0.00059132
-0.00063474
-0.00068924
-0.00019632
-0.00016953
-0.00197863
-0.00209904
-0.00019632
-0.00020400
-0.00197863
-0.00185047
-0.00069084
-0.00063379
-0.00069084
-0.00073122
-0.00079108
-0.00075932
-0.00079108
-0.00085493
-0.00013787
-0.00012551
-0.00193478
-0.00206709
-0.00013787
-0.00016004
-0.00193478
-0.00181636
-0.00048609
-0.00044242
-0.00127874
-0.00134442
-0.00038185
-0.00036374
-0.00118711
-0.00127656
-0.00003892
-0.00002825
-0.00322047
-0.00342773
-0.00032403
-0.00035178
-0.00113498
-0.00105588
-0.00038185
-0.00042353
-0.00118711
-0.00112151
-0.00048609
-0.00050174
-0.00127874
-0.00119163
-0.00003892
-0.00004400
-0.00322047
-0.00302221
-0.00032403
-0.00029165
-0.00113498
-0.00121271
-0.00073015
-0.00082625
-0.00065416
-0.00075134
-0.00011796
-0.00206150
-0.00015250
-0.00181042
-0.00058401
-0.00068201
0.99911500
1.06351651
0.99980925
1.75294061
-0.00022518
-0.00186656
-0.00034275
-0.00125813
0.99952718
1.36546791
0.99996419
2.25010366
-0.00035923
-0.00106275
-0.00053192
-0.00121822
-0.00040266
-0.00110253
-0.00005156
-0.00302630
-0.00029914
-0.00121941
-0.00068252
-0.00063012
-0.00106450
-0.00111139
-0.00048247
-0.00045283
-0.00087657
-0.00094741
-0.00010145
-0.00008281
-0.00251542
-0.00267442
-0.00024051
-0.00025747
-0.00150687
-0.00140513
-0.00048247
-0.00043838
-0.00087657
-0.00093379
-0.00068252
0.99933754
-0.00106450
1.20508974
-0.00010145
0.99990243
-0.00251542
1.98605417
-0.00024051
-0.00027212
-0.00150687
-0.00141768
-0.00032428
-0.00028915
-0.00157578
-0.00166557
-0.00032428
0.99968429
-0.00157578
1.54714394
-0.00000798
0.99999490
-0.00413546
2.54918676
-0.00045313
-0.00049332
-0.00084851
-0.00078872
-0.00056447
-0.00061689
-0.00095439
-0.00090767
-0.00056447
-0.00059115
-0.00095439
-0.00088303
-0.00007146
-0.00008479
-0.00249600
-0.00234165
-0.00021067
-0.00018884
-0.00148166
-0.00158419
-0.00073713
-0.00102160
-0.00051533
-0.00081001
-0.00012211
-0.00236691
-0.00022601
-0.00161484
-0.00052968
-0.00082388
-0.00070523
-0.00099160
-0.00010736
-0.00235703
-0.00021132
-0.00160280
-0.00036153
-0.00149258
-0.00033507
-0.00147074
-0.00001279
-0.00388444
-0.00041622
-0.00091284
-0.00051480
-0.00100543
-0.00054078
-0.00102955
-0.00006024
-0.00266053
-0.00023504
-0.00138577
0.00000000
0.99917374
0.00000000
0.00000000
1.09727189
0.00000000
-0.00053691
-0.00054244
-0.00073328
-0.00073869
0.00000000
0.99983551
0.00000000
0.00000000
1.80852431
0.00000000
-0.00025612
-0.00023349
-0.00176235
-0.00174476
-0.00062099
-0.00059912
-0.00081538
-0.00079406
-0.00067211
-0.00070068
-0.00086504
-0.00089270
-0.00010028
-0.00010597
-0.00219697
-0.00220104
-0.00016947
-0.00017514
-0.00169367
-0.00169827
0.00000000
0.99956949
0.00000000
0.00000000
1.40878593
0.00000000
-0.00030619
-0.00032570
-0.00133488
-0.00135176
0.00000000
0.99997477
0.00000000
0.00000000
2.32141859
0.00000000
-0.00039732
-0.00038807
-0.00099577
-0.00098713
-0.00042627
-0.00044559
-0.00102268
-0.00104056
-0.00057992
-0.00054911
-0.00116253
-0.00113496
-0.00006619
-0.00005678
-0.00284450
-0.00283907
-0.00027698
-0.00026765
-0.00130938
-0.00130119
-0.00073077
-0.00070068
-0.00092176
-0.00089270
-0.00058010
-0.00059912
-0.00077550
-0.00079406
-0.00011536
-0.00010597
-0.00220771
-0.00220104
-0.00018451
-0.00017514
-0.00170583
-0.00169827
-0.00055157
-0.00054244
-0.00074762
-0.00073869
-0.00079396
0.99917374
-0.00098244
1.09727189
-0.00014480
0.99983551
-0.00222830
1.80852431
-0.00021387
-0.00023349
-0.00172929
-0.00174476
-0.00034818
-0.00032570
-0.00137105
-0.00135176
-0.00040090
0.99956949
-0.00141558
1.40878593
-0.00001954
0.99997477
-0.00364879
2.32141859
-0.00038247
-0.00038807
-0.00098190
-0.00098713
-0.00051992
-0.00054911
-0.00110859
-0.00113496
-0.00046784
-0.00044559
-0.00106104
-0.00104056
-0.00005110
-0.00005678
-0.00283575
-0.00283907
-0.00026201
-0.00026765
-0.00129621
-0.00130119
0.00000000
0.99938802
0.00000000
0.00000000
1.24332919
0.00000000
-0.00041011
-0.00100768
0.00000000
0.99992080
0.00000000
0.00000000
2.04901487
0.00000000
-0.00028988
-0.00132068
-0.00041011
-0.00100768
0.99938802
1.24332919
0.99992080
2.04901487
-0.00028988
-0.00132068
0.00000000
0.99971853
0.00000000
0.00000000
1.59621369
0.00000000
0.99971853
1.59621369
0.00000000
1.99999777
0.00000000
0.00000000
5.26461142
0.00000000
-0.00053506
-0.00073146
-0.00064543
-0.00083914
-0.00064543
-0.00083914
-0.00009838
-0.00219561
-0.00016757
-0.00169213
-0.00076200
-0.00095181
-0.00056417
-0.00075995
-0.00012836
-0.00221686
-0.00019747
-0.00171624
-0.00056417
-0.00075995
-0.00076200
-0.00095181
-0.00012836
-0.00221686
-0.00019747
-0.00171624
-0.00037335
-0.00139244
-0.00037335
-0.00139244
-0.00001764
-0.00364802
-0.00038059
-0.00098015
-0.00049272
-0.00108384
-0.00049272
-0.00108384
-0.00004919
-0.00283464
-0.00026012
-0.00129455
-0.00079396
-0.00098244
-0.00055157
-0.00074762
-0.00014480
-0.00222830
-0.00021387
-0.00172929
-0.00058010
-0.00077550
-0.00073077
-0.00092176
-0.00011536
-0.00220771
-0.00018451
-0.00170583
-0.00040090
-0.00141558
-0.00034818
-0.00137105
-0.00001954
-0.00364879
-0.00038247
-0.00098190
-0.00046784
-0.00106104
-0.00051992
-0.00110859
-0.00005110
-0.00283575
-0.00026201
-0.00129621
-0.00067211
-0.00086504
-0.00062099
-0.00081538
-0.00010028
-0.00219697
-0.00016947
-0.00169367
-0.00053691
-0.00073328
0.00000000
0.00000000
0.00000000
0.00000000
-0.00025612
-0.00176235
-0.00030619
-0.00133488
0.00000000
0.00000000
0.00000000
0.00000000
-0.00039732
-0.00099577
-0.00057992
-0.00116253
-0.00042627
-0.00102268
-0.00006619
-0.00284450
-0.00027698
-0.00130938
0.00000000
0.00000000
0.00000000
0.00000000
0.00000000
0.00000000
0.00000000
0.00000000
0.99911500
1.06351651
-0.00058401
-0.00068201
0.99980925
1.75294061
-0.00022518
-0.00186656
-0.00065416
-0.00075134
-0.00073015
-0.00082625
-0.00011796
-0.00206150
-0.00015250
-0.00181042
0.99952718
1.36546791
-0.00034275
-0.00125813
0.99996419
2.25010366
-0.00035923
-0.00106275
-0.00040266
-0.00110253
-0.00053192
-0.00121822
-0.00005156
-0.00302630
-0.00029914
-0.00121941
-0.00075932
-0.00085493
-0.00063379
-0.00073122
-0.00012551
-0.00206709
-0.00016004
-0.00181636
-0.00059132
-0.00068924
-0.00085304
-0.00094677
-0.00016953
-0.00209904
-0.00020400
-0.00185047
-0.00036374
-0.00127656
-0.00044242
-0.00134442
-0.00002825
-0.00342773
-0.00035178
-0.00105588
-0.00050174
-0.00119163
-0.00042353
-0.00112151
-0.00004400
-0.00302221
-0.00029165
-0.00121271
0.99933754
1.20508974
-0.00043838
-0.00093379
0.99990243
1.98605417
-0.00027212
-0.00141768
-0.00045283
-0.00094741
-0.00063012
-0.00111139
-0.00008281
-0.00267442
-0.00025747
-0.00140513
0.99968429
1.54714394
-0.00028915
-0.00166557
0.99999490
2.54918676
-0.00049332
-0.00078872
-0.00059115
-0.00088303
-0.00061689
-0.00090767
-0.00008479
-0.00234165
-0.00018884
-0.00158419
-0.00070523
-0.00099160
-0.00052968
-0.00082388
-0.00010736
-0.00235703
-0.00021132
-0.00160280
-0.00051533
-0.00081001
-0.00073713
-0.00102160
-0.00012211
-0.00236691
-0.00022601
-0.00161484
-0.00033507
-0.00147074
-0.00036153
-0.00149258
-0.00001279
-0.00388444
-0.00041622
-0.00091284
-0.00054078
-0.00102955
-0.00051480
-0.00100543
-0.00006024
-0.00266053
-0.00023504
-0.00138577
-0.00082116
-0.00091560
-0.00060215
-0.00069996
-0.00015145
-0.00208605
-0.00018595
-0.00183657
-0.00061637
-0.00071402
-0.00078979
-0.00088485
-0.00013672
-0.00207532
-0.00017123
-0.00182513
-0.00041388
-0.00132005
-0.00038754
-0.00129731
-0.00002445
-0.00342600
-0.00034802
-0.00105242
-0.00044721
-0.00114291
-0.00047339
-0.00116640
-0.00004020
-0.00302014
-0.00028788
-0.00120933
-0.00070267
-0.00079918
-0.00067722
-0.00077410
-0.00011417
-0.00205868
-0.00014871
-0.00180742
-0.00058033
-0.00067837
0.00000000
0.00000000
0.00000000
0.00000000
0.99975077
1.64683673
-0.00032485
-0.00124230
0.00000000
0.00000000
0.00000000
0.00000000
-0.00037030
-0.00107293
0.99943645
1.28277965
-0.00038484
-0.00108625
0.99993721
2.11396774
-0.00031025
-0.00122932
-0.00059881
-0.00108291
-0.00047054
-0.00096406
-0.00007159
-0.00266756
-0.00024633
-0.00139553
-0.00042737
-0.00092339
0.00000000
0.00000000
0.00000000
0.00000000
-0.00029009
-0.00143297
-0.00026516
-0.00164651
0.00000000
0.00000000
0.00000000
0.00000000
-0.00049703
-0.00079231
-0.00064473
-0.00093423
-0.00056784
-0.00086064
-0.00008859
-0.00234426
-0.00019262
-0.00158734
0.99923041
1.13209651
-0.00050440
-0.00079944
0.99985979
1.86586712
-0.00024403
-0.00162950
-0.00054726
-0.00084083
-0.00067430
-0.00096234
-0.00009615
-0.00234942
-0.00020015
-0.00159358
0.99960978
1.45347549
-0.00031116
-0.00145076
0.99998341
2.39498954
-0.00041995
-0.00091638
-0.00049129
-0.00098349
-0.00056890
-0.00105550
-0.00006404
-0.00266289
-0.00023882
-0.00138904
0.00000000
0.00000000
0.00000000
0.00000000
0.00000000
0.00000000
0.00000000
0.00000000
0.00000000
0.00000000
0.00000000
0.00000000
0.00000000
0.00000000
0.00000000
0.00000000
0.00000000
0.00000000
