289 1
0.00000000
-0.71102635
0.00000000
0.00000000
-0.71102635
0.00000000
0.00004016
0.00003795
0.00003594
0.00003795
0.00004428
0.00000000
-0.33330556
0.00000000
0.00000000
-0.62268295
0.00000000
0.00000000
-0.33330556
-0.33330630
0.00000000
-0.62268295
-0.54952086
0.00003184
0.00003183
0.00003184
0.00003979
-0.33330881
-0.42797666
0.00002971
-0.33330533
0.00006846
-0.70558621
0.00003088
0.00005792
0.00000000
-0.33330744
0.00000000
0.00000000
-0.48495546
0.00000000
0.00003156
-0.33330744
0.00004844
-0.48495546
0.00000000
-0.66663902
0.00000000
0.00000000
-1.59915244
0.00000000
0.00003360
0.00005088
0.00003156
0.00004844
0.00000000
0.00000000
0.00000000
0.00000000
-0.33330881
-0.42797666
0.00003183
0.00003979
-0.33330533
-0.70558621
0.00003088
0.00005792
0.00003594
0.00004428
0.00000000
0.00000000
0.00000000
0.00000000
-0.33330630
-0.54952086
0.00000000
0.00000000
0.00000000
0.00000000
0.00000000
0.00000000
2.74777639
1.32909440
0.00000000
2.74777639
1.50561923
0.00000000
-0.00339617
-0.00295175
-0.00287388
-0.00339617
-0.00399822
-0.00392214
1.33227981
1.33255372
0.00000000
2.32950050
2.47909264
0.00000000
1.33227981
-0.00114832
1.33196055
2.32950050
-0.00923751
2.18888163
-0.00369445
-0.00310318
-0.00332054
-0.00369445
-0.00414641
-0.00435791
-0.00422741
-0.00390366
-0.00359179
-0.00422741
-0.00492264
-0.00462190
-0.00074256
-0.00062320
-0.00054308
-0.01033971
-0.01179241
-0.01173586
-0.00074256
-0.00099232
-0.00091241
-0.01033971
-0.00911361
-0.00904892
1.33073460
1.33118904
0.00000000
1.81561889
1.93242776
0.00000000
-0.00204431
-0.00186426
-0.00164109
-0.00634484
-0.00732395
-0.00713252
1.33311922
1.33322126
0.00000000
2.98750573
3.17901393
0.00000000
-0.00173677
-0.00204945
-0.00212832
-0.00606784
-0.00524931
-0.00532302
-0.00204431
-0.00250287
-0.00228215
-0.00634484
-0.00566959
-0.00546565
1.33073460
-0.00277971
1.33023507
1.81561889
-0.00592151
1.70582554
1.33311922
-0.00028050
1.33297263
2.98750573
-0.01514577
2.80747431
-0.00173677
-0.00140639
-0.00148597
-0.00606784
-0.00692727
-0.00699698
-0.00359179
-0.00390366
-0.00462190
-0.00492264
-0.00332054
-0.00310318
-0.00435791
-0.00414641
-0.00054308
-0.00062320
-0.01173586
-0.01179241
-0.00091241
-0.00099232
-0.00904892
-0.00911361
-0.00287388
-0.00295175
-0.00392214
-0.00399822
0.00000000
1.32909440
0.00000000
1.50561923
0.00000000
1.33255372
0.00000000
2.47909264
1.33196055
-0.00114832
2.18888163
-0.00923751
-0.00164109
-0.00186426
-0.00713252
-0.00732395
0.00000000
1.33118904
0.00000000
1.93242776
0.00000000
1.33322127
0.00000000
3.17901393
-0.00212832
-0.00204945
-0.00532302
-0.00524931
1.33023507
-0.00277971
1.70582554
-0.00592151
-0.00228215
-0.00250287
-0.00546565
-0.00566959
1.33297263
-0.00028050
2.80747431
-0.01514577
-0.00148597
-0.00140639
-0.00699698
-0.00692727
0.00000000
1.32968701
0.00000000
1.60262090
-0.00258242
-0.00468716
0.00000000
1.33278571
0.00000000
2.63820940
-0.00129026
-0.00805358
-0.00258242
-0.00468716
1.32968701
0.00000000
1.60262090
0.00000000
1.33278571
0.00000000
2.63820940
0.00000000
-0.00129026
-0.00805358
0.00000000
1.33159747
0.00000000
2.05668754
1.33159747
0.00000000
2.05668754
0.00000000
0.00000000
2.66661762
0.00000000
0.00000000
6.78747661
0.00000000
-0.00242639
-0.00453804
-0.00301854
-0.00510082
-0.00301854
-0.00510082
-0.00038804
-0.01333766
-0.00113151
-0.00791971
