81 1
0.00000000
2.11946113
0.00000000
0.00000000
2.11946113
0.00000000
-0.01015203
-0.01060713
-0.00747017
-0.01060713
-0.01381467
0.00000000
0.99735800
0.00000000
0.00000000
1.83683286
0.00000000
0.00000000
0.99735800
0.99550074
0.00000000
1.83683286
1.62398393
-0.01187516
-0.00837302
-0.01187516
-0.01467397
0.99000538
1.26782656
-0.00216834
0.99865642
-0.03105602
2.07675816
-0.00357854
-0.02397211
0.00000000
0.99305881
0.00000000
0.00000000
1.43520691
0.00000000
-0.00562774
0.99305881
-0.01861698
1.43520691
0.00000000
1.99942096
0.00000000
0.00000000
4.74600880
0.00000000
-0.00515901
-0.01819355
-0.00562774
-0.01861698
0.00000000
0.00000000
0.00000000
0.00000000
0.99000538
1.26782656
-0.00837302
-0.01467397
0.99865642
2.07675816
-0.00357854
-0.02397211
-0.00747017
-0.01381467
0.00000000
0.00000000
0.00000000
0.00000000
0.99550074
1.62398393
0.00000000
0.00000000
0.00000000
0.00000000
0.00000000
0.00000000
