289 1
0.00000000
2.06083444
0.00000000
0.00000000
2.06083444
0.00000000
-0.00251541
-0.00254456
-0.00215301
-0.00254456
-0.00293905
0.00000000
0.99921112
0.00000000
0.00000000
1.74713136
0.00000000
0.00000000
0.99921112
0.99897205
0.00000000
1.74713136
1.64166407
-0.00295088
-0.00276835
-0.00248846
-0.00295088
-0.00276835
-0.00326654
-0.00316822
-0.00269238
-0.00316822
-0.00346463
-0.00052536
-0.00055560
-0.00040522
-0.00772549
-0.00774864
-0.00879834
-0.00055560
-0.00068216
-0.00774864
-0.00678355
0.00000000
0.99805255
0.00000000
0.00000000
1.36171776
0.00000000
-0.00138917
-0.00153152
-0.00122888
-0.00462699
-0.00475484
-0.00534663
0.00000000
0.99984050
0.00000000
0.00000000
2.24063926
0.00000000
-0.00130080
-0.00159405
-0.00454699
-0.00398960
-0.00138917
-0.00153152
-0.00170955
-0.00462699
-0.00475484
-0.00409692
0.00000000
0.99805255
0.99767734
0.00000000
1.36171776
1.27937081
0.00000000
0.99984050
0.99973144
0.00000000
2.24063926
2.10560976
-0.00130080
-0.00111234
-0.00454699
-0.00524501
-0.00340882
-0.00292643
-0.00340882
-0.00369087
-0.00263042
-0.00232530
-0.00263042
-0.00310748
-0.00064487
-0.00046539
-0.00781631
-0.00884109
-0.00064487
-0.00074219
-0.00781631
-0.00683202
-0.00221148
-0.00299626
0.99682145
1.12921553
0.99941713
1.85932293
-0.00085934
-0.00692548
-0.00172073
-0.00139646
-0.00492268
-0.00549084
-0.00172073
0.99839315
-0.00492268
1.44932306
-0.00012920
0.99991798
-0.01288046
2.38426499
-0.00127084
-0.00153478
-0.00451976
-0.00393430
-0.00208325
-0.00443953
-0.00187541
-0.00424991
-0.00020832
-0.01135550
-0.00105259
-0.00519251
0.00000000
0.99726710
0.00000000
0.00000000
1.20196845
0.00000000
-0.00184732
-0.00193472
-0.00342875
-0.00351226
0.00000000
0.99959045
0.00000000
0.00000000
1.97866478
0.00000000
-0.00110960
-0.00096620
-0.00615458
-0.00603536
-0.00207534
-0.00193472
-0.00364610
-0.00351226
-0.00248486
0.99726710
-0.00403182
1.20196845
-0.00032013
0.99959045
-0.01001520
1.97866478
-0.00087725
-0.00096620
-0.00596044
-0.00603536
0.00000000
0.99869952
0.00000000
0.00000000
1.54252029
0.00000000
0.99869952
1.54252029
0.00000000
1.99996425
0.00000000
0.00000000
5.09062031
0.00000000
-0.00181767
-0.00340037
-0.00226191
-0.00382264
-0.00226191
-0.00382264
-0.00028985
-0.00999543
-0.00084711
-0.00593489
-0.00248486
-0.00403182
-0.00207534
-0.00364610
-0.00032013
-0.01001520
-0.00087725
-0.00596044
-0.00184732
-0.00342875
0.00000000
0.00000000
0.00000000
0.00000000
-0.00110960
-0.00615458
0.00000000
0.00000000
0.00000000
0.00000000
0.99682145
1.12921553
-0.00221148
-0.00299626
0.99941713
1.85932293
-0.00085934
-0.00692548
-0.00232530
-0.00310748
-0.00292643
-0.00369087
-0.00046539
-0.00884109
-0.00074219
-0.00683202
0.99839315
1.44932306
-0.00139646
-0.00549084
0.99991798
2.38426499
-0.00153478
-0.00393430
-0.00187541
-0.00424991
-0.00208325
-0.00443953
-0.00020832
-0.01135550
-0.00105259
-0.00519251
-0.00269238
-0.00346463
-0.00248846
-0.00326654
-0.00040522
-0.00879834
-0.00068216
-0.00678355
-0.00215301
-0.00293905
0.00000000
0.00000000
0.00000000
0.00000000
0.99897205
1.64166407
-0.00122888
-0.00534663
0.00000000
0.00000000
0.00000000
0.00000000
-0.00159405
-0.00398960
0.99767734
1.27937081
-0.00170955
-0.00409692
0.99973144
2.10560976
-0.00111234
-0.00524501
0.00000000
0.00000000
0.00000000
0.00000000
0.00000000
0.00000000
0.00000000
0.00000000
0.00000000
0.00000000
