1089 1
0.00000000
-0.68816367
0.00000000
0.00000000
-0.68816367
0.00000000
0.00000252
0.00000248
0.00000238
0.00000248
0.00000264
0.00000000
-0.33333174
0.00000000
0.00000000
-0.58501432
0.00000000
0.00000000
-0.33333174
-0.33333178
0.00000000
-0.58501432
-0.54957030
0.00000199
0.00000221
0.00000199
0.00000199
0.00000221
0.00000224
0.00000173
0.00000176
0.00000173
0.00000199
0.00000186
0.00000183
0.00000181
0.00000428
0.00000424
0.00000464
0.00000183
0.00000190
0.00000424
0.00000394
0.00000000
-0.33333195
0.00000000
0.00000000
-0.45561033
0.00000000
0.00000198
0.00000182
0.00000184
0.00000303
0.00000285
0.00000317
0.00000000
-0.33333163
0.00000000
0.00000000
-0.75117220
0.00000000
0.00000207
0.00000212
0.00000315
0.00000290
0.00000198
0.00000182
0.00000199
0.00000303
0.00000285
0.00000276
0.00000000
-0.33333195
-0.33333201
0.00000000
-0.45561033
-0.42800648
0.00000000
-0.33333163
-0.33333164
0.00000000
-0.75117220
-0.70566122
0.00000207
0.00000196
0.00000315
0.00000332
0.00000145
0.00000149
0.00000145
0.00000171
0.00000238
0.00000218
0.00000238
0.00000243
0.00000174
0.00000175
0.00000411
0.00000455
0.00000174
0.00000184
0.00000411
0.00000386
0.00000232
0.00000257
-0.33333213
-0.37771474
-0.33333170
-0.62274428
0.00000172
0.00000369
0.00000162
0.00000166
0.00000261
0.00000295
0.00000162
-0.33333189
0.00000261
-0.48499447
0.00000173
-0.33333162
0.00000611
-0.79961837
0.00000211
0.00000218
0.00000318
0.00000298
0.00000158
0.00000229
0.00000181
0.00000255
0.00000175
0.00000555
0.00000202
0.00000340
0.00000000
-0.33333208
0.00000000
0.00000000
-0.40207506
0.00000000
0.00000225
0.00000215
0.00000277
0.00000266
0.00000000
-0.33333167
0.00000000
0.00000000
-0.66290760
0.00000000
0.00000169
0.00000184
0.00000331
0.00000350
0.00000199
0.00000215
0.00000249
0.00000266
0.00000153
-0.33333208
0.00000199
-0.40207506
0.00000176
-0.33333167
0.00000503
-0.66290760
0.00000194
0.00000184
0.00000362
0.00000350
0.00000000
-0.33333184
0.00000000
0.00000000
-0.51627371
0.00000000
-0.33333184
-0.51627372
0.00000000
-0.66666496
0.00000000
0.00000000
-1.70238552
0.00000000
0.00000229
0.00000281
0.00000178
0.00000226
0.00000178
0.00000226
0.00000179
0.00000508
0.00000197
0.00000367
0.00000153
0.00000199
0.00000199
0.00000249
0.00000176
0.00000503
0.00000194
0.00000362
0.00000225
0.00000277
0.00000000
0.00000000
0.00000000
0.00000000
0.00000169
0.00000331
0.00000000
0.00000000
0.00000000
0.00000000
-0.33333213
-0.37771474
0.00000232
0.00000257
-0.33333170
-0.62274428
0.00000172
0.00000369
0.00000218
0.00000243
0.00000149
0.00000171
0.00000175
0.00000455
0.00000184
0.00000386
-0.33333189
-0.48499447
0.00000166
0.00000295
-0.33333162
-0.79961837
0.00000218
0.00000298
0.00000181
0.00000255
0.00000158
0.00000229
0.00000175
0.00000555
0.00000202
0.00000340
0.00000176
0.00000199
0.00000199
0.00000224
0.00000181
0.00000464
0.00000190
0.00000394
0.00000238
0.00000264
0.00000000
0.00000000
0.00000000
0.00000000
-0.33333178
-0.54957030
0.00000184
0.00000317
0.00000000
0.00000000
0.00000000
0.00000000
0.00000212
0.00000290
-0.33333201
-0.42800648
0.00000199
0.00000276
-0.33333164
-0.70566122
0.00000196
0.00000332
0.00000000
0.00000000
0.00000000
0.00000000
0.00000000
0.00000000
0.00000000
0.00000000
0.00000000
0.00000000
2.70772994
1.33215331
0.00000000
2.70772994
1.41802195
0.00000000
-0.00083924
-0.00077888
-0.00077398
-0.00083924
-0.00090955
-0.00090470
1.33304124
1.33307886
0.00000000
2.26541572
2.33725388
0.00000000
1.33304124
-0.00030038
1.33300090
2.26541572
-0.00248894
2.19578207
-0.00095016
-0.00087238
-0.00090312
-0.00095016
-0.00100197
-0.00103228
-0.00101743
-0.00097367
-0.00093702
-0.00101743
-0.00110178
-0.00106573
-0.00017637
-0.00015746
-0.00015240
-0.00257441
-0.00274895
-0.00274520
-0.00017637
-0.00020351
-0.00019846
-0.00257441
-0.00241417
-0.00241017
1.33264365
1.33270282
0.00000000
1.76463890
1.82062372
0.00000000
-0.00048338
-0.00045716
-0.00043330
-0.00155989
-0.00167770
-0.00165662
1.33326881
1.33328542
0.00000000
2.90796678
3.00013785
0.00000000
-0.00044459
-0.00047916
-0.00049391
-0.00152487
-0.00141722
-0.00143079
-0.00048338
-0.00053703
-0.00051329
-0.00155989
-0.00147025
-0.00144854
1.33264365
-0.00070933
1.33258186
1.76463890
-0.00162440
1.71037274
1.33326881
-0.00006891
1.33324946
2.90796678
-0.00403537
2.81862331
-0.00044459
-0.00039903
-0.00041384
-0.00152487
-0.00162612
-0.00163932
-0.00109446
-0.00101253
-0.00105316
-0.00109446
-0.00114004
-0.00117988
-0.00089624
-0.00084523
-0.00082201
-0.00089624
-0.00097514
-0.00095222
-0.00019645
-0.00016752
-0.00018246
-0.00258976
-0.00275641
-0.00276736
-0.00019645
-0.00021356
-0.00022848
-0.00258976
-0.00242207
-0.00243378
-0.00085859
-0.00078862
-0.00080307
-0.00085859
-0.00091919
-0.00093347
-0.00117718
-0.00113746
-0.00109495
-0.00117718
-0.00126240
-0.00122089
-0.00023565
-0.00022619
-0.00020209
-0.00261927
-0.00279895
-0.00278168
-0.00023565
-0.00027215
-0.00024809
-0.00261927
-0.00246755
-0.00244900
-0.00053911
-0.00048513
-0.00051686
-0.00160971
-0.00170230
-0.00172992
-0.00060903
-0.00059001
-0.00055196
-0.00167127
-0.00179269
-0.00176026
-0.00004439
-0.00003783
-0.00003277
-0.00429101
-0.00457065
-0.00456837
-0.00042469
-0.00046922
-0.00046422
-0.00150681
-0.00140807
-0.00140345
-0.00060903
-0.00066910
-0.00063132
-0.00167127
-0.00158900
-0.00155534
-0.00053911
-0.00056487
-0.00059642
-0.00160971
-0.00149553
-0.00152407
-0.00004439
-0.00005884
-0.00005377
-0.00429101
-0.00402996
-0.00402719
-0.00042469
-0.00038905
-0.00038403
-0.00150681
-0.00161718
-0.00161269
1.33237986
1.33245000
0.00000000
1.55736533
1.60678620
0.00000000
-0.00062652
-0.00058469
-0.00057001
-0.00115283
-0.00124525
-0.00123141
1.33317603
1.33320308
0.00000000
2.56669887
2.64807191
0.00000000
-0.00034262
-0.00036300
-0.00038694
-0.00202779
-0.00189046
-0.00191086
-0.00066487
-0.00060395
-0.00062756
-0.00118942
-0.00126342
-0.00128559
-0.00086794
-0.00084026
-0.00079850
-0.00138052
-0.00148194
-0.00144402
-0.00011803
-0.00011058
-0.00009562
-0.00334341
-0.00356617
-0.00355707
-0.00030356
-0.00034347
-0.00032861
-0.00199505
-0.00187375
-0.00186094
1.33286394
1.33291227
0.00000000
1.99943951
2.06285837
0.00000000
-0.00039880
-0.00038566
-0.00035369
-0.00207413
-0.00222094
-0.00219558
1.33332007
1.33332637
0.00000000
3.29451595
3.39891526
0.00000000
-0.00060684
-0.00065797
-0.00066291
-0.00113399
-0.00105184
-0.00105663
-0.00071989
-0.00078835
-0.00075729
-0.00124167
-0.00117754
-0.00114769
-0.00078875
-0.00082267
-0.00085975
-0.00130660
-0.00121037
-0.00124579
-0.00009791
-0.00011323
-0.00011830
-0.00333032
-0.00312250
-0.00312598
-0.00028355
-0.00025196
-0.00025701
-0.00197810
-0.00211252
-0.00211670
-0.00086794
-0.00094039
-0.00089918
-0.00138052
-0.00132225
-0.00128322
-0.00066487
-0.00070643
-0.00072985
-0.00118942
-0.00109869
-0.00112130
-0.00011803
-0.00014331
-0.00012836
-0.00334341
-0.00314301
-0.00313285
-0.00030356
-0.00028193
-0.00026704
-0.00199505
-0.00213730
-0.00212503
-0.00062652
-0.00068730
-0.00067273
-0.00115283
-0.00108023
-0.00106613
1.33237986
-0.00098292
1.33230717
1.55736533
-0.00136220
1.50946192
1.33317603
-0.00016297
1.33314624
2.56669887
-0.00315613
2.48782253
-0.00034262
-0.00030151
-0.00032552
-0.00202779
-0.00215338
-0.00217287
-0.00039880
-0.00044689
-0.00041502
-0.00207413
-0.00196120
-0.00193453
1.33286394
-0.00048216
1.33281293
1.99943951
-0.00199027
1.93796713
1.33332007
-0.00001722
1.33331104
3.29451595
-0.00517963
3.19331899
-0.00060684
-0.00055515
-0.00056013
-0.00113399
-0.00121735
-0.00122206
-0.00078875
-0.00072117
-0.00075866
-0.00130660
-0.00137290
-0.00140746
-0.00071989
-0.00068655
-0.00065521
-0.00124167
-0.00134072
-0.00131151
-0.00009791
-0.00008049
-0.00008555
-0.00333032
-0.00354769
-0.00355083
-0.00028355
-0.00031357
-0.00031860
-0.00197810
-0.00184794
-0.00185231
-0.00109495
-0.00113746
-0.00122089
-0.00126240
-0.00080307
-0.00078862
-0.00093347
-0.00091919
-0.00020209
-0.00022619
-0.00278168
-0.00279895
-0.00024809
-0.00027215
-0.00244900
-0.00246755
-0.00082201
-0.00084523
-0.00095222
-0.00097514
-0.00105316
-0.00101253
-0.00117988
-0.00114004
-0.00018246
-0.00016752
-0.00276736
-0.00275641
-0.00022848
-0.00021356
-0.00243378
-0.00242207
-0.00055196
-0.00059001
-0.00176026
-0.00179269
-0.00051686
-0.00048513
-0.00172992
-0.00170230
-0.00003277
-0.00003783
-0.00456837
-0.00457065
-0.00046422
-0.00046922
-0.00140345
-0.00140807
-0.00059642
-0.00056487
-0.00152407
-0.00149553
-0.00063132
-0.00066910
-0.00155534
-0.00158900
-0.00005377
-0.00005884
-0.00402719
-0.00402996
-0.00038403
-0.00038905
-0.00161269
-0.00161718
-0.00093702
-0.00097367
-0.00106573
-0.00110178
-0.00090312
-0.00087238
-0.00103228
-0.00100197
-0.00015240
-0.00015746
-0.00274520
-0.00274895
-0.00019846
-0.00020351
-0.00241017
-0.00241417
-0.00077398
-0.00077888
-0.00090470
-0.00090955
0.00000000
1.33215331
0.00000000
1.41802195
0.00000000
1.33307886
0.00000000
2.33725388
1.33300090
-0.00030038
2.19578207
-0.00248894
-0.00043330
-0.00045716
-0.00165662
-0.00167770
0.00000000
1.33270282
0.00000000
1.82062372
0.00000000
1.33328542
0.00000000
3.00013785
-0.00049391
-0.00047916
-0.00143079
-0.00141722
1.33258186
-0.00070933
1.71037274
-0.00162440
-0.00051329
-0.00053703
-0.00144854
-0.00147025
1.33324946
-0.00006891
2.81862331
-0.00403537
-0.00041384
-0.00039903
-0.00163932
-0.00162612
-0.00079850
-0.00084026
-0.00144402
-0.00148194
-0.00062756
-0.00060395
-0.00128559
-0.00126342
-0.00009562
-0.00011058
-0.00355707
-0.00356617
-0.00032861
-0.00034347
-0.00186094
-0.00187375
-0.00057001
-0.00058469
-0.00123141
-0.00124525
0.00000000
1.33245000
0.00000000
1.60678620
0.00000000
1.33320308
0.00000000
2.64807191
-0.00038694
-0.00036300
-0.00191086
-0.00189046
-0.00035369
-0.00038566
-0.00219558
-0.00222094
0.00000000
1.33291227
0.00000000
2.06285837
0.00000000
1.33332637
0.00000000
3.39891526
-0.00066291
-0.00065797
-0.00105663
-0.00105184
-0.00085975
-0.00082267
-0.00124579
-0.00121037
-0.00075729
-0.00078835
-0.00114769
-0.00117754
-0.00011830
-0.00011323
-0.00312598
-0.00312250
-0.00025701
-0.00025196
-0.00211670
-0.00211252
1.33230717
-0.00098292
1.50946192
-0.00136220
-0.00067273
-0.00068730
-0.00106613
-0.00108023
1.33314624
-0.00016297
2.48782253
-0.00315613
-0.00032552
-0.00030151
-0.00217287
-0.00215338
-0.00072985
-0.00070643
-0.00112130
-0.00109869
-0.00089918
-0.00094039
-0.00128322
-0.00132225
-0.00012836
-0.00014331
-0.00313285
-0.00314301
-0.00026704
-0.00028193
-0.00212503
-0.00213730
1.33281293
-0.00048216
1.93796713
-0.00199027
-0.00041502
-0.00044689
-0.00193453
-0.00196120
1.33331104
-0.00001722
3.19331899
-0.00517963
-0.00056013
-0.00055515
-0.00122206
-0.00121735
-0.00065521
-0.00068655
-0.00131151
-0.00134072
-0.00075866
-0.00072117
-0.00140746
-0.00137290
-0.00008555
-0.00008049
-0.00355083
-0.00354769
-0.00031860
-0.00031357
-0.00185231
-0.00184794
0.00000000
1.33223150
0.00000000
1.46302899
-0.00072344
-0.00098515
0.00000000
1.33311392
0.00000000
2.41136518
-0.00031144
-0.00232679
-0.00079901
-0.00105898
-0.00093441
-0.00119049
-0.00014139
-0.00293529
-0.00023364
-0.00226481
0.00000000
1.33275920
0.00000000
1.87838091
-0.00043440
-0.00180270
0.00000000
1.33329960
0.00000000
3.09522384
-0.00051759
-0.00131647
-0.00059428
-0.00138769
-0.00073230
-0.00151354
-0.00007580
-0.00378616
-0.00035701
-0.00173528
-0.00093441
-0.00119049
-0.00079901
-0.00105898
-0.00014139
-0.00293529
-0.00023364
-0.00226481
-0.00072344
-0.00098515
1.33223150
0.00000000
1.46302899
0.00000000
1.33311392
0.00000000
2.41136518
0.00000000
-0.00031144
-0.00232679
-0.00043440
-0.00180270
1.33275920
0.00000000
1.87838091
0.00000000
1.33329960
0.00000000
3.09522384
0.00000000
-0.00051759
-0.00131647
-0.00073230
-0.00151354
-0.00059428
-0.00138769
-0.00007580
-0.00378616
-0.00035701
-0.00173528
0.00000000
1.33251723
0.00000000
1.65777200
-0.00054697
-0.00134386
0.00000000
1.33322764
0.00000000
2.73201911
-0.00038664
-0.00176126
-0.00054697
-0.00134386
1.33251723
0.00000000
1.65777200
0.00000000
1.33322764
0.00000000
2.73201911
0.00000000
-0.00038664
-0.00176126
0.00000000
1.33295794
0.00000000
2.12828448
1.33295793
0.00000000
2.12828448
0.00000000
0.00000000
2.66666361
0.00000000
0.00000000
7.01948068
0.00000000
-0.00071361
-0.00097552
-0.00086075
-0.00111908
-0.00086075
-0.00111908
-0.00013128
-0.00292806
-0.00022355
-0.00225663
-0.00101617
-0.00126928
-0.00075242
-0.00101350
-0.00017124
-0.00295639
-0.00026341
-0.00228877
-0.00075242
-0.00101350
-0.00101617
-0.00126928
-0.00017124
-0.00295639
-0.00026341
-0.00228877
-0.00049793
-0.00185694
-0.00049793
-0.00185694
-0.00002361
-0.00486498
-0.00050762
-0.00130715
-0.00065711
-0.00144539
-0.00065711
-0.00144539
-0.00006568
-0.00378025
-0.00034696
-0.00172643
