6144 1
4.99984105
0.99984235
3.99984357
5.05233001
1.01562755
4.08944447
-0.00010253
-0.00010261
-0.00010057
-0.00010661
-0.00010669
-0.00010873
4.99996165
0.99996271
3.99996288
8.32981288
1.67441429
6.74228031
-0.00003978
-0.00003872
-0.00003999
-0.00032921
-0.00032845
-0.00032382
-0.00011916
-0.00011815
-0.00011668
-0.00012320
-0.00012219
-0.00012475
-0.00012233
-0.00012343
-0.00012091
-0.00012635
-0.00012745
-0.00012895
-0.00002100
-0.00002108
-0.00002034
-0.00032670
-0.00032676
-0.00033208
-0.00002244
-0.00002252
-0.00002322
-0.00031623
-0.00031630
-0.00031115
4.99991170
0.99991305
3.99991357
6.48730566
1.30407658
5.25093520
-0.00005736
-0.00005804
-0.00005648
-0.00019657
-0.00019718
-0.00020019
4.99999102
0.99999156
3.99999161
10.69558086
2.14987921
8.65714646
-0.00005804
-0.00005750
-0.00005905
-0.00018842
-0.00018793
-0.00018499
-0.00005986
-0.00006054
-0.00006147
-0.00019007
-0.00019068
-0.00018719
-0.00009075
-0.00008940
-0.00009133
-0.00021723
-0.00021609
-0.00021359
-0.00000964
-0.00000909
-0.00000970
-0.00052966
-0.00052939
-0.00052132
-0.00005554
-0.00005500
-0.00005404
-0.00019493
-0.00019444
-0.00019801
-0.00013796
-0.00013668
-0.00013539
-0.00014192
-0.00014064
-0.00014331
-0.00010823
-0.00010889
-0.00010656
-0.00011229
-0.00011295
-0.00011470
-0.00002507
-0.00002453
-0.00002410
-0.00032978
-0.00032937
-0.00033490
-0.00002651
-0.00002597
-0.00002697
-0.00031936
-0.00031895
-0.00031406
-0.00010646
-0.00010593
-0.00010420
-0.00011053
-0.00011001
-0.00011234
-0.00014186
-0.00014317
-0.00014060
-0.00014580
-0.00014710
-0.00014846
-0.00002692
-0.00002760
-0.00002656
-0.00033115
-0.00033166
-0.00033672
-0.00002835
-0.00002904
-0.00002943
-0.00032076
-0.00032128
-0.00031594
-0.00006866
-0.00006761
-0.00006692
-0.00020662
-0.00020569
-0.00020944
-0.00007195
-0.00007309
-0.00007131
-0.00020950
-0.00021050
-0.00021327
-0.00000490
-0.00000498
-0.00000462
-0.00054450
-0.00054454
-0.00055317
-0.00005401
-0.00005409
-0.00005533
-0.00018475
-0.00018482
-0.00018158
-0.00007443
-0.00007557
-0.00007626
-0.00020310
-0.00020410
-0.00020047
-0.00007114
-0.00007010
-0.00007189
-0.00020019
-0.00019926
-0.00019658
-0.00000556
-0.00000564
-0.00000594
-0.00052760
-0.00052764
-0.00051937
-0.00005151
-0.00005159
-0.00005032
-0.00019128
-0.00019135
-0.00019465
4.99987897
0.99988034
3.99988117
5.72503646
1.15085309
4.63394380
-0.00007562
-0.00007601
-0.00007424
-0.00014562
-0.00014599
-0.00014844
4.99997890
0.99997972
3.99997981
9.43887053
1.89731557
7.63995951
-0.00004572
-0.00004490
-0.00004629
-0.00025093
-0.00025025
-0.00024659
-0.00008340
-0.00008259
-0.00008143
-0.00015302
-0.00015226
-0.00015526
-0.00010367
-0.00010495
-0.00010277
-0.00017204
-0.00017322
-0.00017520
-0.00001314
-0.00001354
-0.00001284
-0.00042372
-0.00042397
-0.00043062
-0.00003781
-0.00003820
-0.00003898
-0.00024427
-0.00024460
-0.00024040
4.99993925
0.99994049
3.99994080
7.35106094
1.47769261
5.95006905
-0.00004644
-0.00004738
-0.00004597
-0.00026127
-0.00026204
-0.00026583
4.99999803
0.99999826
3.99999830
12.11959996
2.43605113
9.80974978
-0.00007790
-0.00007767
-0.00007943
-0.00013957
-0.00013935
-0.00013693
-0.00008917
-0.00009009
-0.00009126
-0.00015035
-0.00015122
-0.00014828
-0.00010310
-0.00010190
-0.00010411
-0.00016353
-0.00016240
-0.00016050
-0.00001322
-0.00001298
-0.00001363
-0.00040984
-0.00040969
-0.00040329
-0.00003495
-0.00003471
-0.00003388
-0.00025172
-0.00025152
-0.00025584
-0.00010682
-0.00010809
-0.00010906
-0.00016702
-0.00016820
-0.00016516
-0.00008659
-0.00008579
-0.00008782
-0.00014789
-0.00014712
-0.00014499
-0.00001417
-0.00001456
-0.00001489
-0.00041047
-0.00041073
-0.00040413
-0.00003589
-0.00003628
-0.00003514
-0.00025251
-0.00025284
-0.00025689
-0.00007883
-0.00007921
-0.00008066
-0.00014046
-0.00014083
-0.00013812
-0.00012412
-0.00012275
-0.00012501
-0.00018302
-0.00018177
-0.00018000
-0.00002212
-0.00002130
-0.00002224
-0.00041559
-0.00041507
-0.00040892
-0.00004380
-0.00004298
-0.00004245
-0.00025911
-0.00025843
-0.00026295
-0.00004836
-0.00004930
-0.00004980
-0.00025312
-0.00025390
-0.00024952
-0.00006265
-0.00006141
-0.00006300
-0.00026468
-0.00026370
-0.00026027
-0.00000229
-0.00000206
-0.00000234
-0.00067861
-0.00067854
-0.00066806
-0.00007470
-0.00007446
-0.00007301
-0.00014474
-0.00014452
-0.00014726
-0.00009995
-0.00009874
-0.00009780
-0.00016858
-0.00016745
-0.00017060
-0.00008598
-0.00008691
-0.00008488
-0.00015547
-0.00015634
-0.00015851
-0.00001220
-0.00001196
-0.00001158
-0.00042311
-0.00042296
-0.00042982
-0.00003687
-0.00003663
-0.00003773
-0.00024347
-0.00024327
-0.00023933
-0.00014845
-0.00014713
-0.00014588
-0.00015235
-0.00015104
-0.00015369
-0.00010421
-0.00010458
-0.00010240
-0.00010828
-0.00010866
-0.00011055
-0.00003068
-0.00002986
-0.00002957
-0.00033394
-0.00033333
-0.00033893
-0.00003212
-0.00003130
-0.00003244
-0.00032359
-0.00032298
-0.00031823
-0.00011184
-0.00011106
-0.00010946
-0.00011590
-0.00011511
-0.00011758
-0.00013166
-0.00013289
-0.00013033
-0.00013564
-0.00013687
-0.00013829
-0.00002274
-0.00002313
-0.00002223
-0.00032801
-0.00032831
-0.00033350
-0.00002418
-0.00002457
-0.00002511
-0.00031757
-0.00031787
-0.00031262
-0.00007788
-0.00007665
-0.00007606
-0.00021465
-0.00021359
-0.00021737
-0.00006371
-0.00006464
-0.00006296
-0.00020224
-0.00020307
-0.00020595
-0.00000570
-0.00000546
-0.00000526
-0.00054489
-0.00054477
-0.00055348
-0.00005479
-0.00005456
-0.00005595
-0.00018546
-0.00018525
-0.00018216
-0.00006620
-0.00006713
-0.00006794
-0.00019578
-0.00019661
-0.00019304
-0.00008035
-0.00007912
-0.00008100
-0.00020829
-0.00020722
-0.00020465
-0.00000635
-0.00000611
-0.00000657
-0.00052801
-0.00052789
-0.00051971
-0.00005229
-0.00005206
-0.00005095
-0.00019199
-0.00019178
-0.00019522
-0.00012803
-0.00012685
-0.00012548
-0.00013203
-0.00013085
-0.00013348
-0.00011438
-0.00011528
-0.00011285
-0.00011843
-0.00011933
-0.00012094
-0.00002180
-0.00002156
-0.00002097
-0.00032730
-0.00032712
-0.00033255
-0.00002323
-0.00002300
-0.00002385
-0.00031685
-0.00031666
-0.00031164
-0.00010329
-0.00010307
-0.00010118
-0.00010737
-0.00010715
-0.00010934
-0.00015242
-0.00015373
-0.00015118
-0.00015629
-0.00015760
-0.00015893
-0.00003333
-0.00003428
-0.00003311
-0.00033587
-0.00033655
-0.00034148
-0.00003477
-0.00003571
-0.00003597
-0.00032556
-0.00032625
-0.00032087
-0.00006109
-0.00006028
-0.00005946
-0.00019990
-0.00019918
-0.00020285
-0.00008167
-0.00008297
-0.00008112
-0.00021790
-0.00021901
-0.00022169
-0.00000664
-0.00000703
-0.00000652
-0.00054535
-0.00054554
-0.00055407
-0.00005573
-0.00005612
-0.00005720
-0.00018631
-0.00018667
-0.00018330
-0.00008414
-0.00008543
-0.00008604
-0.00021158
-0.00021269
-0.00020904
-0.00006358
-0.00006277
-0.00006445
-0.00019343
-0.00019270
-0.00018989
-0.00000730
-0.00000769
-0.00000783
-0.00052849
-0.00052869
-0.00052036
-0.00005323
-0.00005361
-0.00005219
-0.00019284
-0.00019319
-0.00019635
-0.00011017
-0.00010885
-0.00010798
-0.00017804
-0.00017682
-0.00017998
-0.00007971
-0.00008038
-0.00007848
-0.00014952
-0.00015016
-0.00015246
-0.00001548
-0.00001494
-0.00001471
-0.00042521
-0.00042487
-0.00043180
-0.00004013
-0.00003959
-0.00004084
-0.00024624
-0.00024578
-0.00024199
-0.00007791
-0.00007738
-0.00007607
-0.00014780
-0.00014730
-0.00015018
-0.00011420
-0.00011555
-0.00011336
-0.00018173
-0.00018297
-0.00018488
-0.00001733
-0.00001801
-0.00001717
-0.00042637
-0.00042680
-0.00043333
-0.00004197
-0.00004265
-0.00004329
-0.00024779
-0.00024836
-0.00024406
-0.00005143
-0.00005038
-0.00004997
-0.00026533
-0.00026447
-0.00026905
-0.00005475
-0.00005591
-0.00005440
-0.00026798
-0.00026890
-0.00027256
-0.00000118
-0.00000126
-0.00000107
-0.00069995
-0.00069997
-0.00071101
-0.00007713
-0.00007721
-0.00007881
-0.00013883
-0.00013890
-0.00013634
-0.00009728
-0.00009840
-0.00009946
-0.00015804
-0.00015910
-0.00015609
-0.00009405
-0.00009302
-0.00009516
-0.00015498
-0.00015401
-0.00015200
-0.00001243
-0.00001251
-0.00001299
-0.00040932
-0.00040937
-0.00040286
-0.00003416
-0.00003424
-0.00003325
-0.00025106
-0.00025112
-0.00025531
-0.00011731
-0.00011866
-0.00011958
-0.00017677
-0.00017802
-0.00017498
-0.00008111
-0.00008058
-0.00008248
-0.00014265
-0.00014214
-0.00013987
-0.00001835
-0.00001904
-0.00001922
-0.00041319
-0.00041363
-0.00040698
-0.00004005
-0.00004073
-0.00003945
-0.00025600
-0.00025657
-0.00026048
-0.00008291
-0.00008358
-0.00008488
-0.00014438
-0.00014501
-0.00014218
-0.00011330
-0.00011198
-0.00011424
-0.00017306
-0.00017183
-0.00017001
-0.00001650
-0.00001596
-0.00001676
-0.00041200
-0.00041165
-0.00040537
-0.00003821
-0.00003767
-0.00003700
-0.00025447
-0.00025402
-0.00025845
-0.00005666
-0.00005781
-0.00005821
-0.00025990
-0.00026083
-0.00025642
-0.00005335
-0.00005229
-0.00005380
-0.00025722
-0.00025636
-0.00025282
-0.00000150
-0.00000158
-0.00000171
-0.00067837
-0.00067839
-0.00066785
-0.00007392
-0.00007400
-0.00007238
-0.00014400
-0.00014407
-0.00014667
-0.00009087
-0.00008984
-0.00008880
-0.00016007
-0.00015910
-0.00016219
-0.00009411
-0.00009523
-0.00009312
-0.00016312
-0.00016417
-0.00016624
-0.00001141
-0.00001149
-0.00001095
-0.00042260
-0.00042265
-0.00042942
-0.00003608
-0.00003616
-0.00003710
-0.00024279
-0.00024286
-0.00023879
4.99986066
0.99986201
3.99986302
5.37817636
1.08112885
4.35318985
-0.00008791
-0.00008814
-0.00008625
-0.00012473
-0.00012496
-0.00012719
4.99997091
0.99997186
3.99997198
8.86702008
1.78238499
7.17710003
-0.00004202
-0.00004108
-0.00004240
-0.00028796
-0.00028722
-0.00028311
-0.00010025
-0.00009933
-0.00009803
-0.00013675
-0.00013586
-0.00013863
-0.00011196
-0.00011316
-0.00011082
-0.00014809
-0.00014924
-0.00015096
-0.00001635
-0.00001659
-0.00001587
-0.00037218
-0.00037235
-0.00037829
-0.00002932
-0.00002956
-0.00003029
-0.00027780
-0.00027800
-0.00027336
4.99992612
0.99992743
3.99992783
6.90569267
1.38817389
5.58958289
-0.00005106
-0.00005187
-0.00005039
-0.00022708
-0.00022778
-0.00023115
4.99999516
0.99999555
3.99999559
11.38534997
2.28849779
9.21544720
-0.00006695
-0.00006657
-0.00006820
-0.00016241
-0.00016205
-0.00015939
-0.00007357
-0.00007438
-0.00007542
-0.00016858
-0.00016933
-0.00016613
-0.00009607
-0.00009479
-0.00009685
-0.00018917
-0.00018801
-0.00018584
-0.00001076
-0.00001036
-0.00001099
-0.00046616
-0.00046593
-0.00045875
-0.00004437
-0.00004398
-0.00004310
-0.00022127
-0.00022093
-0.00022485
-0.00011810
-0.00011684
-0.00011574
-0.00015400
-0.00015279
-0.00015568
-0.00009597
-0.00009677
-0.00009461
-0.00013260
-0.00013337
-0.00013531
-0.00001792
-0.00001753
-0.00001713
-0.00037330
-0.00037302
-0.00037917
-0.00003089
-0.00003050
-0.00003155
-0.00027908
-0.00027876
-0.00027439
-0.00008944
-0.00008906
-0.00008747
-0.00012623
-0.00012585
-0.00012838
-0.00013259
-0.00013394
-0.00013157
-0.00016784
-0.00016912
-0.00017072
-0.00002466
-0.00002548
-0.00002447
-0.00037795
-0.00037851
-0.00038419
-0.00003761
-0.00003843
-0.00003887
-0.00028448
-0.00028513
-0.00028031
-0.00005544
-0.00005451
-0.00005390
-0.00023084
-0.00023004
-0.00023415
-0.00006752
-0.00006875
-0.00006707
-0.00024098
-0.00024199
-0.00024514
-0.00000326
-0.00000350
-0.00000315
-0.00061769
-0.00061779
-0.00062751
-0.00006540
-0.00006564
-0.00006697
-0.00016096
-0.00016118
-0.00015822
-0.00008982
-0.00009103
-0.00009185
-0.00018352
-0.00018462
-0.00018130
-0.00007791
-0.00007698
-0.00007888
-0.00017260
-0.00017174
-0.00016936
-0.00000918
-0.00000942
-0.00000973
-0.00046523
-0.00046537
-0.00045800
-0.00004281
-0.00004305
-0.00004185
-0.00021990
-0.00022011
-0.00022375
4.99989598
0.99989736
3.99989802
6.09426541
1.22507243
4.93280309
-0.00006550
-0.00006603
-0.00006437
-0.00016949
-0.00016999
-0.00017270
4.99998560
0.99998629
3.99998635
10.04759814
2.01965451
8.13266679
-0.00005101
-0.00005033
-0.00005179
-0.00021784
-0.00021724
-0.00021397
-0.00006852
-0.00006785
-0.00006679
-0.00017230
-0.00017167
-0.00017494
-0.00009723
-0.00009857
-0.00009654
-0.00019829
-0.00019947
-0.00020174
-0.00001133
-0.00001187
-0.00001119
-0.00048189
-0.00048219
-0.00048967
-0.00004796
-0.00004850
-0.00004935
-0.00021517
-0.00021564
-0.00021182
4.99995109
0.99995225
3.99995248
7.82515032
1.57298211
6.33380186
-0.00004336
-0.00004442
-0.00004308
-0.00029942
-0.00030022
-0.00030448
4.99999962
0.99999970
3.99999973
12.90119908
2.59311495
10.44237558
-0.00009107
-0.00009099
-0.00009288
-0.00011969
-0.00011961
-0.00011740
-0.00010674
-0.00010776
-0.00010908
-0.00013503
-0.00013603
-0.00013331
-0.00011207
-0.00011095
-0.00011333
-0.00014023
-0.00013914
-0.00013748
-0.00001710
-0.00001702
-0.00001768
-0.00036007
-0.00036001
-0.00035428
-0.00002718
-0.00002710
-0.00002632
-0.00028671
-0.00028665
-0.00029143
-0.00012547
-0.00012677
-0.00012792
-0.00015324
-0.00015450
-0.00015170
-0.00009739
-0.00009673
-0.00009890
-0.00012589
-0.00012524
-0.00012332
-0.00002055
-0.00002109
-0.00002144
-0.00036255
-0.00036293
-0.00035701
-0.00003062
-0.00003116
-0.00003008
-0.00028947
-0.00028991
-0.00029442
-0.00009442
-0.00009494
-0.00009652
-0.00012297
-0.00012349
-0.00012099
-0.00013205
-0.00013072
-0.00013317
-0.00015959
-0.00015831
-0.00015680
-0.00002362
-0.00002293
-0.00002390
-0.00036472
-0.00036424
-0.00035876
-0.00003369
-0.00003300
-0.00003253
-0.00029191
-0.00029137
-0.00029636
-0.00006062
-0.00006167
-0.00006226
-0.00022615
-0.00022705
-0.00022307
-0.00006612
-0.00006497
-0.00006666
-0.00023083
-0.00022986
-0.00022683
-0.00000327
-0.00000319
-0.00000348
-0.00059842
-0.00059839
-0.00058909
-0.00006209
-0.00006202
-0.00006066
-0.00016633
-0.00016626
-0.00016926
-0.00008348
-0.00008235
-0.00008154
-0.00018600
-0.00018497
-0.00018839
-0.00007804
-0.00007908
-0.00007718
-0.00018105
-0.00018200
-0.00018445
-0.00000787
-0.00000779
-0.00000742
-0.00047992
-0.00047988
-0.00048756
-0.00004454
-0.00004446
-0.00004562
-0.00021214
-0.00021207
-0.00020851
-0.00013607
-0.00013741
-0.00013852
-0.00016346
-0.00016475
-0.00016196
-0.00009306
-0.00009268
-0.00009471
-0.00012164
-0.00012127
-0.00011920
-0.00002588
-0.00002670
-0.00002692
-0.00036630
-0.00036687
-0.00036089
-0.00003594
-0.00003676
-0.00003554
-0.00029369
-0.00029433
-0.00029871
-0.00009958
-0.00010037
-0.00010181
-0.00012803
-0.00012881
-0.00012618
-0.00012163
-0.00012038
-0.00012282
-0.00014953
-0.00014831
-0.00014673
-0.00001915
-0.00001875
-0.00001957
-0.00036154
-0.00036126
-0.00035566
-0.00002922
-0.00002883
-0.00002821
-0.00028835
-0.00028804
-0.00029294
-0.00006969
-0.00007093
-0.00007142
-0.00023383
-0.00023486
-0.00023085
-0.00005763
-0.00005670
-0.00005828
-0.00022359
-0.00022278
-0.00021964
-0.00000375
-0.00000399
-0.00000412
-0.00059862
-0.00059872
-0.00058936
-0.00006256
-0.00006280
-0.00006129
-0.00016677
-0.00016698
-0.00016984
-0.00007509
-0.00007416
-0.00007324
-0.00017834
-0.00017749
-0.00018085
-0.00008702
-0.00008824
-0.00008626
-0.00018919
-0.00019028
-0.00019263
-0.00000835
-0.00000858
-0.00000806
-0.00048019
-0.00048033
-0.00048792
-0.00004501
-0.00004525
-0.00004625
-0.00021256
-0.00021277
-0.00020907
-0.00011552
-0.00011671
-0.00011793
-0.00014359
-0.00014475
-0.00014197
-0.00010384
-0.00010293
-0.00010522
-0.00013220
-0.00013131
-0.00012953
-0.00001757
-0.00001781
-0.00001832
-0.00036041
-0.00036058
-0.00035474
-0.00002765
-0.00002789
-0.00002695
-0.00028709
-0.00028728
-0.00029194
-0.00009153
-0.00009176
-0.00009349
-0.00012014
-0.00012037
-0.00011800
-0.00014278
-0.00014144
-0.00014388
-0.00016989
-0.00016861
-0.00016713
-0.00003031
-0.00002936
-0.00003046
-0.00036933
-0.00036869
-0.00036334
-0.00004035
-0.00003941
-0.00003907
-0.00029712
-0.00029639
-0.00030144
-0.00005325
-0.00005407
-0.00005478
-0.00021980
-0.00022050
-0.00021659
-0.00007604
-0.00007474
-0.00007650
-0.00023908
-0.00023801
-0.00023508
-0.00000532
-0.00000493
-0.00000538
-0.00059927
-0.00059911
-0.00058990
-0.00006411
-0.00006373
-0.00006253
-0.00016821
-0.00016785
-0.00017099
-0.00009329
-0.00009200
-0.00009128
-0.00019480
-0.00019365
-0.00019711
-0.00007074
-0.00007155
-0.00006976
-0.00017435
-0.00017509
-0.00017767
-0.00000992
-0.00000953
-0.00000932
-0.00048109
-0.00048087
-0.00048863
-0.00004657
-0.00004618
-0.00004750
-0.00021394
-0.00021360
-0.00021018
-0.00010000
-0.00010134
-0.00010209
-0.00019269
-0.00019388
-0.00019055
-0.00007135
-0.00007068
-0.00007246
-0.00016652
-0.00016589
-0.00016337
-0.00001216
-0.00001270
-0.00001286
-0.00046698
-0.00046730
-0.00045986
-0.00004577
-0.00004630
-0.00004496
-0.00022249
-0.00022296
-0.00022646
-0.00006833
-0.00006886
-0.00007004
-0.00016370
-0.00016420
-0.00016111
-0.00010677
-0.00010540
-0.00010750
-0.00019868
-0.00019748
-0.00019537
-0.00001523
-0.00001455
-0.00001532
-0.00046875
-0.00046836
-0.00046130
-0.00004882
-0.00004813
-0.00004740
-0.00022514
-0.00022455
-0.00022857
-0.00004502
-0.00004608
-0.00004640
-0.00029030
-0.00029111
-0.00028625
-0.00005056
-0.00004941
-0.00005083
-0.00029454
-0.00029366
-0.00028967
-0.00000054
-0.00000046
-0.00000059
-0.00076883
-0.00076882
-0.00075692
-0.00008744
-0.00008737
-0.00008563
-0.00012428
-0.00012421
-0.00012659
-0.00010850
-0.00010738
-0.00010619
-0.00014474
-0.00014366
-0.00014651
-0.00010315
-0.00010417
-0.00010191
-0.00013957
-0.00014056
-0.00014238
-0.00001587
-0.00001579
-0.00001524
-0.00037185
-0.00037179
-0.00037785
-0.00002885
-0.00002877
-0.00002966
-0.00027742
-0.00027735
-0.00027284
-0.00012855
-0.00012722
-0.00012618
-0.00016400
-0.00016273
-0.00016562
-0.00009080
-0.00009133
-0.00008929
-0.00012756
-0.00012807
-0.00013015
-0.00002240
-0.00002171
-0.00002146
-0.00037641
-0.00037593
-0.00038215
-0.00003536
-0.00003467
-0.00003587
-0.00028268
-0.00028213
-0.00027789
-0.00009378
-0.00009312
-0.00009168
-0.00013046
-0.00012981
-0.00013247
-0.00012195
-0.00012325
-0.00012088
-0.00015769
-0.00015894
-0.00016059
-0.00001933
-0.00001987
-0.00001900
-0.00037428
-0.00037466
-0.00038047
-0.00003229
-0.00003283
-0.00003342
-0.00028022
-0.00028065
-0.00027591
-0.00006394
-0.00006279
-0.00006230
-0.00023800
-0.00023704
-0.00024120
-0.00005843
-0.00005948
-0.00005789
-0.00023338
-0.00023427
-0.00023751
-0.00000279
-0.00000271
-0.00000251
-0.00061751
-0.00061748
-0.00062727
-0.00006493
-0.00006486
-0.00006634
-0.00016052
-0.00016044
-0.00015764
-0.00008086
-0.00008189
-0.00008281
-0.00017532
-0.00017627
-0.00017300
-0.00008629
-0.00008515
-0.00008715
-0.00018030
-0.00017927
-0.00017700
-0.00000871
-0.00000863
-0.00000909
-0.00046495
-0.00046490
-0.00045761
-0.00004234
-0.00004226
-0.00004122
-0.00021949
-0.00021942
-0.00022320
-0.00015242
-0.00015118
-0.00015373
-0.00015629
-0.00015893
-0.00015760
-0.00010329
-0.00010118
-0.00010307
-0.00010737
-0.00010934
-0.00010715
-0.00003333
-0.00003311
-0.00003428
-0.00033587
-0.00034148
-0.00033655
-0.00003477
-0.00003597
-0.00003571
-0.00032556
-0.00032087
-0.00032625
-0.00011438
-0.00011285
-0.00011528
-0.00011843
-0.00012094
-0.00011933
-0.00012803
-0.00012548
-0.00012685
-0.00013203
-0.00013348
-0.00013085
-0.00002180
-0.00002097
-0.00002156
-0.00032730
-0.00033255
-0.00032712
-0.00002323
-0.00002385
-0.00002300
-0.00031685
-0.00031164
-0.00031666
-0.00008167
-0.00008112
-0.00008297
-0.00021790
-0.00022169
-0.00021901
-0.00006109
-0.00005946
-0.00006028
-0.00019990
-0.00020285
-0.00019918
-0.00000664
-0.00000652
-0.00000703
-0.00054535
-0.00055407
-0.00054554
-0.00005573
-0.00005720
-0.00005612
-0.00018631
-0.00018330
-0.00018667
-0.00006358
-0.00006445
-0.00006277
-0.00019343
-0.00018989
-0.00019270
-0.00008414
-0.00008604
-0.00008543
-0.00021158
-0.00020904
-0.00021269
-0.00000730
-0.00000783
-0.00000769
-0.00052849
-0.00052036
-0.00052869
-0.00005323
-0.00005219
-0.00005361
-0.00019284
-0.00019635
-0.00019319
-0.00013166
-0.00013033
-0.00013289
-0.00013564
-0.00013829
-0.00013687
-0.00011184
-0.00010946
-0.00011106
-0.00011590
-0.00011758
-0.00011511
-0.00002274
-0.00002223
-0.00002313
-0.00032801
-0.00033350
-0.00032831
-0.00002418
-0.00002511
-0.00002457
-0.00031757
-0.00031262
-0.00031787
-0.00010421
-0.00010240
-0.00010458
-0.00010828
-0.00011055
-0.00010866
-0.00014845
-0.00014588
-0.00014713
-0.00015235
-0.00015369
-0.00015104
-0.00003068
-0.00002957
-0.00002986
-0.00033394
-0.00033893
-0.00033333
-0.00003212
-0.00003244
-0.00003130
-0.00032359
-0.00031823
-0.00032298
-0.00006371
-0.00006296
-0.00006464
-0.00020224
-0.00020595
-0.00020307
-0.00007788
-0.00007606
-0.00007665
-0.00021465
-0.00021737
-0.00021359
-0.00000570
-0.00000526
-0.00000546
-0.00054489
-0.00055348
-0.00054477
-0.00005479
-0.00005595
-0.00005456
-0.00018546
-0.00018216
-0.00018525
-0.00008035
-0.00008100
-0.00007912
-0.00020829
-0.00020465
-0.00020722
-0.00006620
-0.00006794
-0.00006713
-0.00019578
-0.00019304
-0.00019661
-0.00000635
-0.00000657
-0.00000611
-0.00052801
-0.00051971
-0.00052789
-0.00005229
-0.00005095
-0.00005206
-0.00019199
-0.00019522
-0.00019178
-0.00011420
-0.00011336
-0.00011555
-0.00018173
-0.00018488
-0.00018297
-0.00007791
-0.00007607
-0.00007738
-0.00014780
-0.00015018
-0.00014730
-0.00001733
-0.00001717
-0.00001801
-0.00042637
-0.00043333
-0.00042680
-0.00004197
-0.00004329
-0.00004265
-0.00024779
-0.00024406
-0.00024836
-0.00007971
-0.00007848
-0.00008038
-0.00014952
-0.00015246
-0.00015016
-0.00011017
-0.00010798
-0.00010885
-0.00017804
-0.00017998
-0.00017682
-0.00001548
-0.00001471
-0.00001494
-0.00042521
-0.00043180
-0.00042487
-0.00004013
-0.00004084
-0.00003959
-0.00024624
-0.00024199
-0.00024578
-0.00005475
-0.00005440
-0.00005591
-0.00026798
-0.00027256
-0.00026890
-0.00005143
-0.00004997
-0.00005038
-0.00026533
-0.00026905
-0.00026447
-0.00000118
-0.00000107
-0.00000126
-0.00069995
-0.00071101
-0.00069997
-0.00007713
-0.00007881
-0.00007721
-0.00013883
-0.00013634
-0.00013890
-0.00009405
-0.00009516
-0.00009302
-0.00015498
-0.00015200
-0.00015401
-0.00009728
-0.00009946
-0.00009840
-0.00015804
-0.00015609
-0.00015910
-0.00001243
-0.00001299
-0.00001251
-0.00040932
-0.00040286
-0.00040937
-0.00003416
-0.00003325
-0.00003424
-0.00025106
-0.00025531
-0.00025112
-0.00011330
-0.00011424
-0.00011198
-0.00017306
-0.00017001
-0.00017183
-0.00008291
-0.00008488
-0.00008358
-0.00014438
-0.00014218
-0.00014501
-0.00001650
-0.00001676
-0.00001596
-0.00041200
-0.00040537
-0.00041165
-0.00003821
-0.00003700
-0.00003767
-0.00025447
-0.00025845
-0.00025402
-0.00008111
-0.00008248
-0.00008058
-0.00014265
-0.00013987
-0.00014214
-0.00011731
-0.00011958
-0.00011866
-0.00017677
-0.00017498
-0.00017802
-0.00001835
-0.00001922
-0.00001904
-0.00041319
-0.00040698
-0.00041363
-0.00004005
-0.00003945
-0.00004073
-0.00025600
-0.00026048
-0.00025657
-0.00005335
-0.00005380
-0.00005229
-0.00025722
-0.00025282
-0.00025636
-0.00005666
-0.00005821
-0.00005781
-0.00025990
-0.00025642
-0.00026083
-0.00000150
-0.00000171
-0.00000158
-0.00067837
-0.00066785
-0.00067839
-0.00007392
-0.00007238
-0.00007400
-0.00014400
-0.00014667
-0.00014407
-0.00009411
-0.00009312
-0.00009523
-0.00016312
-0.00016624
-0.00016417
-0.00009087
-0.00008880
-0.00008984
-0.00016007
-0.00016219
-0.00015910
-0.00001141
-0.00001095
-0.00001149
-0.00042260
-0.00042942
-0.00042265
-0.00003608
-0.00003710
-0.00003616
-0.00024279
-0.00023879
-0.00024286
-0.00014186
-0.00014060
-0.00014317
-0.00014580
-0.00014846
-0.00014710
-0.00010646
-0.00010420
-0.00010593
-0.00011053
-0.00011234
-0.00011001
-0.00002692
-0.00002656
-0.00002760
-0.00033115
-0.00033672
-0.00033166
-0.00002835
-0.00002943
-0.00002904
-0.00032076
-0.00031594
-0.00032128
-0.00010823
-0.00010656
-0.00010889
-0.00011229
-0.00011470
-0.00011295
-0.00013796
-0.00013539
-0.00013668
-0.00014192
-0.00014331
-0.00014064
-0.00002507
-0.00002410
-0.00002453
-0.00032978
-0.00033490
-0.00032937
-0.00002651
-0.00002697
-0.00002597
-0.00031936
-0.00031406
-0.00031895
-0.00007195
-0.00007131
-0.00007309
-0.00020950
-0.00021327
-0.00021050
-0.00006866
-0.00006692
-0.00006761
-0.00020662
-0.00020944
-0.00020569
-0.00000490
-0.00000462
-0.00000498
-0.00054450
-0.00055317
-0.00054454
-0.00005401
-0.00005533
-0.00005409
-0.00018475
-0.00018158
-0.00018482
-0.00007114
-0.00007189
-0.00007010
-0.00020019
-0.00019658
-0.00019926
-0.00007443
-0.00007626
-0.00007557
-0.00020310
-0.00020047
-0.00020410
-0.00000556
-0.00000594
-0.00000564
-0.00052760
-0.00051937
-0.00052764
-0.00005151
-0.00005032
-0.00005159
-0.00019128
-0.00019465
-0.00019135
-0.00012233
-0.00012091
-0.00012343
-0.00012635
-0.00012895
-0.00012745
-0.00011916
-0.00011668
-0.00011815
-0.00012320
-0.00012475
-0.00012219
-0.00002100
-0.00002034
-0.00002108
-0.00032670
-0.00033208
-0.00032676
-0.00002244
-0.00002322
-0.00002252
-0.00031623
-0.00031115
-0.00031630
-0.00010253
-0.00010057
-0.00010261
-0.00010661
-0.00010873
-0.00010669
4.99984105
3.99984357
0.99984235
5.05233001
4.08944447
1.01562755
4.99996165
3.99996288
0.99996271
8.32981288
6.74228031
1.67441429
-0.00003978
-0.00003999
-0.00003872
-0.00032921
-0.00032382
-0.00032845
-0.00005736
-0.00005648
-0.00005804
-0.00019657
-0.00020019
-0.00019718
4.99991170
3.99991357
0.99991305
6.48730566
5.25093520
1.30407658
4.99999102
3.99999161
0.99999156
10.69558086
8.65714646
2.14987921
-0.00005804
-0.00005905
-0.00005750
-0.00018842
-0.00018499
-0.00018793
-0.00009075
-0.00009133
-0.00008940
-0.00021723
-0.00021359
-0.00021609
-0.00005986
-0.00006147
-0.00006054
-0.00019007
-0.00018719
-0.00019068
-0.00000964
-0.00000970
-0.00000909
-0.00052966
-0.00052132
-0.00052939
-0.00005554
-0.00005404
-0.00005500
-0.00019493
-0.00019801
-0.00019444
-0.00010367
-0.00010277
-0.00010495
-0.00017204
-0.00017520
-0.00017322
-0.00008340
-0.00008143
-0.00008259
-0.00015302
-0.00015526
-0.00015226
-0.00001314
-0.00001284
-0.00001354
-0.00042372
-0.00043062
-0.00042397
-0.00003781
-0.00003898
-0.00003820
-0.00024427
-0.00024040
-0.00024460
-0.00007562
-0.00007424
-0.00007601
-0.00014562
-0.00014844
-0.00014599
4.99987897
3.99988117
0.99988034
5.72503646
4.63394380
1.15085309
4.99997890
3.99997981
0.99997972
9.43887053
7.63995951
1.89731557
-0.00004572
-0.00004629
-0.00004490
-0.00025093
-0.00024659
-0.00025025
-0.00004644
-0.00004597
-0.00004738
-0.00026127
-0.00026583
-0.00026204
4.99993925
3.99994080
0.99994049
7.35106094
5.95006905
1.47769261
4.99999803
3.99999830
0.99999826
12.11959996
9.80974978
2.43605113
-0.00007790
-0.00007943
-0.00007767
-0.00013957
-0.00013693
-0.00013935
-0.00010310
-0.00010411
-0.00010190
-0.00016353
-0.00016050
-0.00016240
-0.00008917
-0.00009126
-0.00009009
-0.00015035
-0.00014828
-0.00015122
-0.00001322
-0.00001363
-0.00001298
-0.00040984
-0.00040329
-0.00040969
-0.00003495
-0.00003388
-0.00003471
-0.00025172
-0.00025584
-0.00025152
-0.00012412
-0.00012501
-0.00012275
-0.00018302
-0.00018000
-0.00018177
-0.00007883
-0.00008066
-0.00007921
-0.00014046
-0.00013812
-0.00014083
-0.00002212
-0.00002224
-0.00002130
-0.00041559
-0.00040892
-0.00041507
-0.00004380
-0.00004245
-0.00004298
-0.00025911
-0.00026295
-0.00025843
-0.00008659
-0.00008782
-0.00008579
-0.00014789
-0.00014499
-0.00014712
-0.00010682
-0.00010906
-0.00010809
-0.00016702
-0.00016516
-0.00016820
-0.00001417
-0.00001489
-0.00001456
-0.00041047
-0.00040413
-0.00041073
-0.00003589
-0.00003514
-0.00003628
-0.00025251
-0.00025689
-0.00025284
-0.00006265
-0.00006300
-0.00006141
-0.00026468
-0.00026027
-0.00026370
-0.00004836
-0.00004980
-0.00004930
-0.00025312
-0.00024952
-0.00025390
-0.00000229
-0.00000234
-0.00000206
-0.00067861
-0.00066806
-0.00067854
-0.00007470
-0.00007301
-0.00007446
-0.00014474
-0.00014726
-0.00014452
-0.00008598
-0.00008488
-0.00008691
-0.00015547
-0.00015851
-0.00015634
-0.00009995
-0.00009780
-0.00009874
-0.00016858
-0.00017060
-0.00016745
-0.00001220
-0.00001158
-0.00001196
-0.00042311
-0.00042982
-0.00042296
-0.00003687
-0.00003773
-0.00003663
-0.00024347
-0.00023933
-0.00024327
-0.00013259
-0.00013157
-0.00013394
-0.00016784
-0.00017072
-0.00016912
-0.00008944
-0.00008747
-0.00008906
-0.00012623
-0.00012838
-0.00012585
-0.00002466
-0.00002447
-0.00002548
-0.00037795
-0.00038419
-0.00037851
-0.00003761
-0.00003887
-0.00003843
-0.00028448
-0.00028031
-0.00028513
-0.00009597
-0.00009461
-0.00009677
-0.00013260
-0.00013531
-0.00013337
-0.00011810
-0.00011574
-0.00011684
-0.00015400
-0.00015568
-0.00015279
-0.00001792
-0.00001713
-0.00001753
-0.00037330
-0.00037917
-0.00037302
-0.00003089
-0.00003155
-0.00003050
-0.00027908
-0.00027439
-0.00027876
-0.00006752
-0.00006707
-0.00006875
-0.00024098
-0.00024514
-0.00024199
-0.00005544
-0.00005390
-0.00005451
-0.00023084
-0.00023415
-0.00023004
-0.00000326
-0.00000315
-0.00000350
-0.00061769
-0.00062751
-0.00061779
-0.00006540
-0.00006697
-0.00006564
-0.00016096
-0.00015822
-0.00016118
-0.00007791
-0.00007888
-0.00007698
-0.00017260
-0.00016936
-0.00017174
-0.00008982
-0.00009185
-0.00009103
-0.00018352
-0.00018130
-0.00018462
-0.00000918
-0.00000973
-0.00000942
-0.00046523
-0.00045800
-0.00046537
-0.00004281
-0.00004185
-0.00004305
-0.00021990
-0.00022375
-0.00022011
-0.00011196
-0.00011082
-0.00011316
-0.00014809
-0.00015096
-0.00014924
-0.00010025
-0.00009803
-0.00009933
-0.00013675
-0.00013863
-0.00013586
-0.00001635
-0.00001587
-0.00001659
-0.00037218
-0.00037829
-0.00037235
-0.00002932
-0.00003029
-0.00002956
-0.00027780
-0.00027336
-0.00027800
-0.00008791
-0.00008625
-0.00008814
-0.00012473
-0.00012719
-0.00012496
4.99986066
3.99986302
0.99986201
5.37817636
4.35318985
1.08112885
4.99997091
3.99997198
0.99997186
8.86702008
7.17710003
1.78238499
-0.00004202
-0.00004240
-0.00004108
-0.00028796
-0.00028311
-0.00028722
-0.00005106
-0.00005039
-0.00005187
-0.00022708
-0.00023115
-0.00022778
4.99992612
3.99992783
0.99992743
6.90569267
5.58958289
1.38817389
4.99999516
3.99999559
0.99999555
11.38534997
9.21544720
2.28849779
-0.00006695
-0.00006820
-0.00006657
-0.00016241
-0.00015939
-0.00016205
-0.00009607
-0.00009685
-0.00009479
-0.00018917
-0.00018584
-0.00018801
-0.00007357
-0.00007542
-0.00007438
-0.00016858
-0.00016613
-0.00016933
-0.00001076
-0.00001099
-0.00001036
-0.00046616
-0.00045875
-0.00046593
-0.00004437
-0.00004310
-0.00004398
-0.00022127
-0.00022485
-0.00022093
-0.00009723
-0.00009654
-0.00009857
-0.00019829
-0.00020174
-0.00019947
-0.00006852
-0.00006679
-0.00006785
-0.00017230
-0.00017494
-0.00017167
-0.00001133
-0.00001119
-0.00001187
-0.00048189
-0.00048967
-0.00048219
-0.00004796
-0.00004935
-0.00004850
-0.00021517
-0.00021182
-0.00021564
-0.00006550
-0.00006437
-0.00006603
-0.00016949
-0.00017270
-0.00016999
4.99989598
3.99989802
0.99989736
6.09426541
4.93280309
1.22507243
4.99998560
3.99998635
0.99998629
10.04759814
8.13266679
2.01965451
-0.00005101
-0.00005179
-0.00005033
-0.00021784
-0.00021397
-0.00021724
-0.00004336
-0.00004308
-0.00004442
-0.00029942
-0.00030448
-0.00030022
4.99995109
3.99995248
0.99995225
7.82515032
6.33380186
1.57298211
4.99999962
3.99999973
0.99999970
12.90119908
10.44237558
2.59311495
-0.00009107
-0.00009288
-0.00009099
-0.00011969
-0.00011740
-0.00011961
-0.00011207
-0.00011333
-0.00011095
-0.00014023
-0.00013748
-0.00013914
-0.00010674
-0.00010908
-0.00010776
-0.00013503
-0.00013331
-0.00013603
-0.00001710
-0.00001768
-0.00001702
-0.00036007
-0.00035428
-0.00036001
-0.00002718
-0.00002632
-0.00002710
-0.00028671
-0.00029143
-0.00028665
-0.00013205
-0.00013317
-0.00013072
-0.00015959
-0.00015680
-0.00015831
-0.00009442
-0.00009652
-0.00009494
-0.00012297
-0.00012099
-0.00012349
-0.00002362
-0.00002390
-0.00002293
-0.00036472
-0.00035876
-0.00036424
-0.00003369
-0.00003253
-0.00003300
-0.00029191
-0.00029636
-0.00029137
-0.00009739
-0.00009890
-0.00009673
-0.00012589
-0.00012332
-0.00012524
-0.00012547
-0.00012792
-0.00012677
-0.00015324
-0.00015170
-0.00015450
-0.00002055
-0.00002144
-0.00002109
-0.00036255
-0.00035701
-0.00036293
-0.00003062
-0.00003008
-0.00003116
-0.00028947
-0.00029442
-0.00028991
-0.00006612
-0.00006666
-0.00006497
-0.00023083
-0.00022683
-0.00022986
-0.00006062
-0.00006226
-0.00006167
-0.00022615
-0.00022307
-0.00022705
-0.00000327
-0.00000348
-0.00000319
-0.00059842
-0.00058909
-0.00059839
-0.00006209
-0.00006066
-0.00006202
-0.00016633
-0.00016926
-0.00016626
-0.00007804
-0.00007718
-0.00007908
-0.00018105
-0.00018445
-0.00018200
-0.00008348
-0.00008154
-0.00008235
-0.00018600
-0.00018839
-0.00018497
-0.00000787
-0.00000742
-0.00000779
-0.00047992
-0.00048756
-0.00047988
-0.00004454
-0.00004562
-0.00004446
-0.00021214
-0.00020851
-0.00021207
-0.00014278
-0.00014388
-0.00014144
-0.00016989
-0.00016713
-0.00016861
-0.00009153
-0.00009349
-0.00009176
-0.00012014
-0.00011800
-0.00012037
-0.00003031
-0.00003046
-0.00002936
-0.00036933
-0.00036334
-0.00036869
-0.00004035
-0.00003907
-0.00003941
-0.00029712
-0.00030144
-0.00029639
-0.00010384
-0.00010522
-0.00010293
-0.00013220
-0.00012953
-0.00013131
-0.00011552
-0.00011793
-0.00011671
-0.00014359
-0.00014197
-0.00014475
-0.00001757
-0.00001832
-0.00001781
-0.00036041
-0.00035474
-0.00036058
-0.00002765
-0.00002695
-0.00002789
-0.00028709
-0.00029194
-0.00028728
-0.00007604
-0.00007650
-0.00007474
-0.00023908
-0.00023508
-0.00023801
-0.00005325
-0.00005478
-0.00005407
-0.00021980
-0.00021659
-0.00022050
-0.00000532
-0.00000538
-0.00000493
-0.00059927
-0.00058990
-0.00059911
-0.00006411
-0.00006253
-0.00006373
-0.00016821
-0.00017099
-0.00016785
-0.00007074
-0.00006976
-0.00007155
-0.00017435
-0.00017767
-0.00017509
-0.00009329
-0.00009128
-0.00009200
-0.00019480
-0.00019711
-0.00019365
-0.00000992
-0.00000932
-0.00000953
-0.00048109
-0.00048863
-0.00048087
-0.00004657
-0.00004750
-0.00004618
-0.00021394
-0.00021018
-0.00021360
-0.00012163
-0.00012282
-0.00012038
-0.00014953
-0.00014673
-0.00014831
-0.00009958
-0.00010181
-0.00010037
-0.00012803
-0.00012618
-0.00012881
-0.00001915
-0.00001957
-0.00001875
-0.00036154
-0.00035566
-0.00036126
-0.00002922
-0.00002821
-0.00002883
-0.00028835
-0.00029294
-0.00028804
-0.00009306
-0.00009471
-0.00009268
-0.00012164
-0.00011920
-0.00012127
-0.00013607
-0.00013852
-0.00013741
-0.00016346
-0.00016196
-0.00016475
-0.00002588
-0.00002692
-0.00002670
-0.00036630
-0.00036089
-0.00036687
-0.00003594
-0.00003554
-0.00003676
-0.00029369
-0.00029871
-0.00029433
-0.00005763
-0.00005828
-0.00005670
-0.00022359
-0.00021964
-0.00022278
-0.00006969
-0.00007142
-0.00007093
-0.00023383
-0.00023085
-0.00023486
-0.00000375
-0.00000412
-0.00000399
-0.00059862
-0.00058936
-0.00059872
-0.00006256
-0.00006129
-0.00006280
-0.00016677
-0.00016984
-0.00016698
-0.00008702
-0.00008626
-0.00008824
-0.00018919
-0.00019263
-0.00019028
-0.00007509
-0.00007324
-0.00007416
-0.00017834
-0.00018085
-0.00017749
-0.00000835
-0.00000806
-0.00000858
-0.00048019
-0.00048792
-0.00048033
-0.00004501
-0.00004625
-0.00004525
-0.00021256
-0.00020907
-0.00021277
-0.00010677
-0.00010750
-0.00010540
-0.00019868
-0.00019537
-0.00019748
-0.00006833
-0.00007004
-0.00006886
-0.00016370
-0.00016111
-0.00016420
-0.00001523
-0.00001532
-0.00001455
-0.00046875
-0.00046130
-0.00046836
-0.00004882
-0.00004740
-0.00004813
-0.00022514
-0.00022857
-0.00022455
-0.00007135
-0.00007246
-0.00007068
-0.00016652
-0.00016337
-0.00016589
-0.00010000
-0.00010209
-0.00010134
-0.00019269
-0.00019055
-0.00019388
-0.00001216
-0.00001286
-0.00001270
-0.00046698
-0.00045986
-0.00046730
-0.00004577
-0.00004496
-0.00004630
-0.00022249
-0.00022646
-0.00022296
-0.00005056
-0.00005083
-0.00004941
-0.00029454
-0.00028967
-0.00029366
-0.00004502
-0.00004640
-0.00004608
-0.00029030
-0.00028625
-0.00029111
-0.00000054
-0.00000059
-0.00000046
-0.00076883
-0.00075692
-0.00076882
-0.00008744
-0.00008563
-0.00008737
-0.00012428
-0.00012659
-0.00012421
-0.00010315
-0.00010191
-0.00010417
-0.00013957
-0.00014238
-0.00014056
-0.00010850
-0.00010619
-0.00010738
-0.00014474
-0.00014651
-0.00014366
-0.00001587
-0.00001524
-0.00001579
-0.00037185
-0.00037785
-0.00037179
-0.00002885
-0.00002966
-0.00002877
-0.00027742
-0.00027284
-0.00027735
-0.00012195
-0.00012088
-0.00012325
-0.00015769
-0.00016059
-0.00015894
-0.00009378
-0.00009168
-0.00009312
-0.00013046
-0.00013247
-0.00012981
-0.00001933
-0.00001900
-0.00001987
-0.00037428
-0.00038047
-0.00037466
-0.00003229
-0.00003342
-0.00003283
-0.00028022
-0.00027591
-0.00028065
-0.00009080
-0.00008929
-0.00009133
-0.00012756
-0.00013015
-0.00012807
-0.00012855
-0.00012618
-0.00012722
-0.00016400
-0.00016562
-0.00016273
-0.00002240
-0.00002146
-0.00002171
-0.00037641
-0.00038215
-0.00037593
-0.00003536
-0.00003587
-0.00003467
-0.00028268
-0.00027789
-0.00028213
-0.00005843
-0.00005789
-0.00005948
-0.00023338
-0.00023751
-0.00023427
-0.00006394
-0.00006230
-0.00006279
-0.00023800
-0.00024120
-0.00023704
-0.00000279
-0.00000251
-0.00000271
-0.00061751
-0.00062727
-0.00061748
-0.00006493
-0.00006634
-0.00006486
-0.00016052
-0.00015764
-0.00016044
-0.00008629
-0.00008715
-0.00008515
-0.00018030
-0.00017700
-0.00017927
-0.00008086
-0.00008281
-0.00008189
-0.00017532
-0.00017300
-0.00017627
-0.00000871
-0.00000909
-0.00000863
-0.00046495
-0.00045761
-0.00046490
-0.00004234
-0.00004122
-0.00004226
-0.00021949
-0.00022320
-0.00021942
3.99985346
4.99985102
0.99985234
4.21925699
5.21270789
1.04786669
-0.00009311
-0.00009491
-0.00009507
-0.00011762
-0.00011534
-0.00011549
3.99996759
4.99996644
0.99996745
6.95629384
8.59422031
1.72755661
-0.00004102
-0.00004073
-0.00003972
-0.00030292
-0.00030804
-0.00030728
-0.00010710
-0.00010944
-0.00010848
-0.00013137
-0.00012965
-0.00012870
-0.00011559
-0.00011687
-0.00011802
-0.00013969
-0.00013695
-0.00013808
-0.00001792
-0.00001849
-0.00001865
-0.00035445
-0.00034872
-0.00034884
-0.00002656
-0.00002569
-0.00002585
-0.00029162
-0.00029638
-0.00029650
3.99992086
4.99991907
0.99992040
5.41761385
6.69323106
1.34546855
-0.00005322
-0.00005399
-0.00005474
-0.00021522
-0.00021138
-0.00021204
3.99999376
4.99999325
0.99999372
8.93193609
11.03507765
2.21810625
-0.00006338
-0.00006225
-0.00006179
-0.00017178
-0.00017500
-0.00017457
-0.00006821
-0.00006648
-0.00006723
-0.00017624
-0.00017890
-0.00017958
-0.00009389
-0.00009321
-0.00009189
-0.00019941
-0.00020289
-0.00020174
-0.00001018
-0.00001003
-0.00000956
-0.00048911
-0.00049697
-0.00049672
-0.00004835
-0.00004973
-0.00004927
-0.00021093
-0.00020761
-0.00020720
-0.00012534
-0.00012781
-0.00012654
-0.00014919
-0.00014766
-0.00014642
-0.00010029
-0.00010180
-0.00010253
-0.00012469
-0.00012213
-0.00012285
-0.00002043
-0.00002132
-0.00002085
-0.00035628
-0.00035079
-0.00035045
-0.00002907
-0.00002851
-0.00002804
-0.00029362
-0.00029861
-0.00029824
-0.00009555
-0.00009765
-0.00009720
-0.00012002
-0.00011804
-0.00011759
-0.00013584
-0.00013698
-0.00013831
-0.00015937
-0.00015660
-0.00015790
-0.00002534
-0.00002561
-0.00002637
-0.00035978
-0.00035389
-0.00035443
-0.00003397
-0.00003280
-0.00003355
-0.00029749
-0.00030197
-0.00030256
-0.00006021
-0.00006185
-0.00006086
-0.00022131
-0.00021825
-0.00021739
-0.00006900
-0.00006954
-0.00007073
-0.00022881
-0.00022485
-0.00022586
-0.00000372
-0.00000392
-0.00000408
-0.00058919
-0.00057997
-0.00058004
-0.00006090
-0.00005946
-0.00005962
-0.00016948
-0.00017242
-0.00017257
-0.00008386
-0.00008192
-0.00008310
-0.00019048
-0.00019290
-0.00019395
-0.00007516
-0.00007430
-0.00007331
-0.00018260
-0.00018602
-0.00018513
-0.00000766
-0.00000720
-0.00000736
-0.00048770
-0.00049542
-0.00049550
-0.00004586
-0.00004693
-0.00004709
-0.00020872
-0.00020511
-0.00020525
3.99988975
4.99988764
0.99988902
4.78103902
5.90676679
1.18738319
-0.00006905
-0.00007030
-0.00007076
-0.00016018
-0.00015717
-0.00015760
3.99998324
4.99998241
0.99998316
7.88246471
9.73847955
1.95752986
-0.00004883
-0.00004816
-0.00004741
-0.00022981
-0.00023391
-0.00023327
-0.00007387
-0.00007572
-0.00007498
-0.00016469
-0.00016226
-0.00016157
-0.00009945
-0.00010024
-0.00010154
-0.00018818
-0.00018487
-0.00018606
-0.00001185
-0.00001207
-0.00001253
-0.00045927
-0.00045193
-0.00045222
-0.00004395
-0.00004267
-0.00004314
-0.00022559
-0.00022919
-0.00022959
3.99994680
4.99994533
0.99994654
6.13893813
7.58440245
1.52459331
-0.00004434
-0.00004472
-0.00004572
-0.00028464
-0.00027984
-0.00028063
3.99999917
4.99999898
0.99999914
10.12112145
12.50429453
2.51335683
-0.00008586
-0.00008420
-0.00008404
-0.00012681
-0.00012928
-0.00012913
-0.00009992
-0.00009770
-0.00009868
-0.00014046
-0.00014235
-0.00014328
-0.00010846
-0.00010733
-0.00010617
-0.00014870
-0.00015159
-0.00015048
-0.00001547
-0.00001498
-0.00001482
-0.00037801
-0.00038418
-0.00038407
-0.00002990
-0.00003086
-0.00003070
-0.00027303
-0.00026862
-0.00026849
-0.00011828
-0.00011594
-0.00011722
-0.00015811
-0.00015981
-0.00016103
-0.00009308
-0.00009171
-0.00009098
-0.00013383
-0.00013656
-0.00013585
-0.00001799
-0.00001718
-0.00001765
-0.00037977
-0.00038570
-0.00038602
-0.00003241
-0.00003305
-0.00003352
-0.00027509
-0.00027043
-0.00027081
-0.00008831
-0.00008634
-0.00008680
-0.00012920
-0.00013136
-0.00013180
-0.00012886
-0.00012786
-0.00012651
-0.00016817
-0.00017108
-0.00016981
-0.00002290
-0.00002270
-0.00002195
-0.00038313
-0.00038944
-0.00038893
-0.00003730
-0.00003855
-0.00003780
-0.00027905
-0.00027491
-0.00027430
-0.00005584
-0.00005429
-0.00005529
-0.00023579
-0.00023912
-0.00023996
-0.00006464
-0.00006420
-0.00006300
-0.00024314
-0.00024734
-0.00024636
-0.00000275
-0.00000262
-0.00000246
-0.00062736
-0.00063728
-0.00063723
-0.00006658
-0.00006814
-0.00006798
-0.00015786
-0.00015513
-0.00015498
-0.00008946
-0.00009151
-0.00009033
-0.00017911
-0.00017691
-0.00017583
-0.00008079
-0.00008177
-0.00008275
-0.00017113
-0.00016791
-0.00016882
-0.00000933
-0.00000986
-0.00000970
-0.00045776
-0.00045059
-0.00045050
-0.00004146
-0.00004048
-0.00004033
-0.00022341
-0.00022729
-0.00022715
-0.00013584
-0.00013831
-0.00013698
-0.00015937
-0.00015790
-0.00015660
-0.00009555
-0.00009720
-0.00009765
-0.00012002
-0.00011759
-0.00011804
-0.00002534
-0.00002637
-0.00002561
-0.00035978
-0.00035443
-0.00035389
-0.00003397
-0.00003355
-0.00003280
-0.00029749
-0.00030256
-0.00030197
-0.00010029
-0.00010253
-0.00010180
-0.00012469
-0.00012285
-0.00012213
-0.00012534
-0.00012654
-0.00012781
-0.00014919
-0.00014642
-0.00014766
-0.00002043
-0.00002085
-0.00002132
-0.00035628
-0.00035045
-0.00035079
-0.00002907
-0.00002804
-0.00002851
-0.00029362
-0.00029824
-0.00029861
-0.00006900
-0.00007073
-0.00006954
-0.00022881
-0.00022586
-0.00022485
-0.00006021
-0.00006086
-0.00006185
-0.00022131
-0.00021739
-0.00021825
-0.00000372
-0.00000408
-0.00000392
-0.00058919
-0.00058004
-0.00057997
-0.00006090
-0.00005962
-0.00005946
-0.00016948
-0.00017257
-0.00017242
-0.00007516
-0.00007331
-0.00007430
-0.00018260
-0.00018513
-0.00018602
-0.00008386
-0.00008310
-0.00008192
-0.00019048
-0.00019395
-0.00019290
-0.00000766
-0.00000736
-0.00000720
-0.00048770
-0.00049550
-0.00049542
-0.00004586
-0.00004709
-0.00004693
-0.00020872
-0.00020525
-0.00020511
-0.00011559
-0.00011802
-0.00011687
-0.00013969
-0.00013808
-0.00013695
-0.00010710
-0.00010848
-0.00010944
-0.00013137
-0.00012870
-0.00012965
-0.00001792
-0.00001865
-0.00001849
-0.00035445
-0.00034884
-0.00034872
-0.00002656
-0.00002585
-0.00002569
-0.00029162
-0.00029650
-0.00029638
-0.00009311
-0.00009507
-0.00009491
-0.00011762
-0.00011549
-0.00011534
3.99985346
0.99985234
4.99985102
4.21925699
1.04786669
5.21270789
3.99996759
0.99996745
4.99996644
6.95629384
1.72755661
8.59422031
-0.00004102
-0.00003972
-0.00004073
-0.00030292
-0.00030728
-0.00030804
-0.00005322
-0.00005474
-0.00005399
-0.00021522
-0.00021204
-0.00021138
3.99992086
0.99992040
4.99991907
5.41761385
1.34546855
6.69323106
3.99999376
0.99999372
4.99999325
8.93193609
2.21810625
11.03507765
-0.00006338
-0.00006179
-0.00006225
-0.00017178
-0.00017457
-0.00017500
-0.00009389
-0.00009189
-0.00009321
-0.00019941
-0.00020174
-0.00020289
-0.00006821
-0.00006723
-0.00006648
-0.00017624
-0.00017958
-0.00017890
-0.00001018
-0.00000956
-0.00001003
-0.00048911
-0.00049672
-0.00049697
-0.00004835
-0.00004927
-0.00004973
-0.00021093
-0.00020720
-0.00020761
-0.00009945
-0.00010154
-0.00010024
-0.00018818
-0.00018606
-0.00018487
-0.00007387
-0.00007498
-0.00007572
-0.00016469
-0.00016157
-0.00016226
-0.00001185
-0.00001253
-0.00001207
-0.00045927
-0.00045222
-0.00045193
-0.00004395
-0.00004314
-0.00004267
-0.00022559
-0.00022959
-0.00022919
-0.00006905
-0.00007076
-0.00007030
-0.00016018
-0.00015760
-0.00015717
3.99988975
0.99988902
4.99988764
4.78103902
1.18738319
5.90676679
3.99998324
0.99998316
4.99998241
7.88246471
1.95752986
9.73847955
-0.00004883
-0.00004741
-0.00004816
-0.00022981
-0.00023327
-0.00023391
-0.00004434
-0.00004572
-0.00004472
-0.00028464
-0.00028063
-0.00027984
3.99994680
0.99994654
4.99994533
6.13893813
1.52459331
7.58440245
3.99999917
0.99999914
4.99999898
10.12112145
2.51335683
12.50429453
-0.00008586
-0.00008404
-0.00008420
-0.00012681
-0.00012913
-0.00012928
-0.00010846
-0.00010617
-0.00010733
-0.00014870
-0.00015048
-0.00015159
-0.00009992
-0.00009868
-0.00009770
-0.00014046
-0.00014328
-0.00014235
-0.00001547
-0.00001482
-0.00001498
-0.00037801
-0.00038407
-0.00038418
-0.00002990
-0.00003070
-0.00003086
-0.00027303
-0.00026849
-0.00026862
-0.00012886
-0.00012651
-0.00012786
-0.00016817
-0.00016981
-0.00017108
-0.00008831
-0.00008680
-0.00008634
-0.00012920
-0.00013180
-0.00013136
-0.00002290
-0.00002195
-0.00002270
-0.00038313
-0.00038893
-0.00038944
-0.00003730
-0.00003780
-0.00003855
-0.00027905
-0.00027430
-0.00027491
-0.00009308
-0.00009098
-0.00009171
-0.00013383
-0.00013585
-0.00013656
-0.00011828
-0.00011722
-0.00011594
-0.00015811
-0.00016103
-0.00015981
-0.00001799
-0.00001765
-0.00001718
-0.00037977
-0.00038602
-0.00038570
-0.00003241
-0.00003352
-0.00003305
-0.00027509
-0.00027081
-0.00027043
-0.00006464
-0.00006300
-0.00006420
-0.00024314
-0.00024636
-0.00024734
-0.00005584
-0.00005529
-0.00005429
-0.00023579
-0.00023996
-0.00023912
-0.00000275
-0.00000246
-0.00000262
-0.00062736
-0.00063723
-0.00063728
-0.00006658
-0.00006798
-0.00006814
-0.00015786
-0.00015498
-0.00015513
-0.00008079
-0.00008275
-0.00008177
-0.00017113
-0.00016882
-0.00016791
-0.00008946
-0.00009033
-0.00009151
-0.00017911
-0.00017583
-0.00017691
-0.00000933
-0.00000970
-0.00000986
-0.00045776
-0.00045050
-0.00045059
-0.00004146
-0.00004033
-0.00004048
-0.00022341
-0.00022715
-0.00022729
3.99987225
4.99986998
0.99987134
4.49137381
5.54889698
1.11544649
-0.00007997
-0.00008148
-0.00008179
-0.00013745
-0.00013482
-0.00013512
3.99997606
4.99997507
0.99997595
7.40491444
9.14847855
1.83895292
-0.00004415
-0.00004368
-0.00004280
-0.00026434
-0.00026893
-0.00026822
-0.00008948
-0.00009157
-0.00009071
-0.00014658
-0.00014453
-0.00014370
-0.00010656
-0.00010757
-0.00010881
-0.00016280
-0.00015978
-0.00016095
-0.00001418
-0.00001457
-0.00001488
-0.00040366
-0.00039716
-0.00039737
-0.00003443
-0.00003336
-0.00003368
-0.00025630
-0.00026045
-0.00026071
3.99993448
4.99993285
0.99993412
5.76701021
7.12489796
1.43223425
-0.00004798
-0.00004855
-0.00004943
-0.00024801
-0.00024370
-0.00024444
3.99999710
4.99999675
0.99999707
9.50795657
11.74673979
2.36112248
-0.00007355
-0.00007216
-0.00007185
-0.00014778
-0.00015061
-0.00015032
-0.00008310
-0.00008113
-0.00008200
-0.00015683
-0.00015908
-0.00015989
-0.00010025
-0.00009936
-0.00009811
-0.00017287
-0.00017605
-0.00017491
-0.00001213
-0.00001182
-0.00001150
-0.00043017
-0.00043715
-0.00043695
-0.00003828
-0.00003945
-0.00003913
-0.00023980
-0.00023596
-0.00023569
-0.00010656
-0.00010881
-0.00010757
-0.00016280
-0.00016095
-0.00015978
-0.00008948
-0.00009071
-0.00009157
-0.00014658
-0.00014370
-0.00014453
-0.00001418
-0.00001488
-0.00001457
-0.00040366
-0.00039737
-0.00039716
-0.00003443
-0.00003368
-0.00003336
-0.00025630
-0.00026071
-0.00026045
-0.00007997
-0.00008179
-0.00008148
-0.00013745
-0.00013512
-0.00013482
3.99987225
0.99987134
4.99986998
4.49137381
1.11544649
5.54889698
3.99997606
0.99997595
4.99997507
7.40491444
1.83895292
9.14847855
-0.00004415
-0.00004280
-0.00004368
-0.00026434
-0.00026822
-0.00026893
-0.00004798
-0.00004943
-0.00004855
-0.00024801
-0.00024444
-0.00024370
3.99993448
0.99993412
4.99993285
5.76701021
1.43223425
7.12489796
3.99999710
0.99999707
4.99999675
9.50795657
2.36112248
11.74673979
-0.00007355
-0.00007185
-0.00007216
-0.00014778
-0.00015032
-0.00015061
-0.00010025
-0.00009811
-0.00009936
-0.00017287
-0.00017491
-0.00017605
-0.00008310
-0.00008200
-0.00008113
-0.00015683
-0.00015989
-0.00015908
-0.00001213
-0.00001150
-0.00001182
-0.00043017
-0.00043695
-0.00043715
-0.00003828
-0.00003913
-0.00003945
-0.00023980
-0.00023569
-0.00023596
3.99990596
4.99990400
0.99990537
5.08938419
6.28771540
1.26395758
-0.00006019
-0.00006119
-0.00006180
-0.00018603
-0.00018262
-0.00018317
3.99998914
4.99998847
0.99998908
8.39081004
10.36652811
2.08375013
-0.00005519
-0.00005430
-0.00005369
-0.00019904
-0.00020268
-0.00020214
-0.00006019
-0.00006180
-0.00006119
-0.00018603
-0.00018317
-0.00018262
3.99990596
0.99990537
4.99990400
5.08938419
1.26395758
6.28771540
3.99998914
0.99998908
4.99998847
8.39081004
2.08375013
10.36652811
-0.00005519
-0.00005369
-0.00005430
-0.00019904
-0.00020214
-0.00020268
3.99995784
4.99995653
0.99995764
6.53485049
8.07353962
1.62290621
3.99995784
0.99995764
4.99995653
6.53485049
1.62290621
8.07353962
7.99999997
5.99999994
5.99999994
21.54850926
15.98694880
15.98694880
-0.00010049
-0.00009853
-0.00009853
-0.00010866
-0.00011078
-0.00011078
-0.00011875
-0.00011628
-0.00011734
-0.00012681
-0.00012837
-0.00012942
-0.00011875
-0.00011734
-0.00011628
-0.00012681
-0.00012942
-0.00012837
-0.00002026
-0.00001958
-0.00001958
-0.00033202
-0.00033744
-0.00033744
-0.00002314
-0.00002390
-0.00002390
-0.00031109
-0.00030605
-0.00030605
-0.00013798
-0.00013542
-0.00013673
-0.00014587
-0.00014727
-0.00014856
-0.00010531
-0.00010365
-0.00010306
-0.00011345
-0.00011586
-0.00011527
-0.00002526
-0.00002427
-0.00002488
-0.00033576
-0.00034093
-0.00034138
-0.00002813
-0.00002858
-0.00002920
-0.00031495
-0.00030970
-0.00031017
-0.00010531
-0.00010306
-0.00010365
-0.00011345
-0.00011527
-0.00011586
-0.00013798
-0.00013673
-0.00013542
-0.00014587
-0.00014856
-0.00014727
-0.00002526
-0.00002488
-0.00002427
-0.00033576
-0.00034138
-0.00034093
-0.00002813
-0.00002920
-0.00002858
-0.00031495
-0.00031017
-0.00030970
-0.00006906
-0.00006733
-0.00006842
-0.00021132
-0.00021416
-0.00021512
-0.00006906
-0.00006842
-0.00006733
-0.00021132
-0.00021512
-0.00021416
-0.00000454
-0.00000425
-0.00000425
-0.00055313
-0.00056190
-0.00056190
-0.00005525
-0.00005656
-0.00005656
-0.00018151
-0.00017837
-0.00017837
-0.00007403
-0.00007587
-0.00007477
-0.00019849
-0.00019588
-0.00019490
-0.00007403
-0.00007477
-0.00007587
-0.00019849
-0.00019490
-0.00019588
-0.00000586
-0.00000622
-0.00000622
-0.00051933
-0.00051119
-0.00051119
-0.00005024
-0.00004904
-0.00004904
-0.00019458
-0.00019797
-0.00019797
-0.00014854
-0.00014599
-0.00014732
-0.00015631
-0.00015767
-0.00015898
-0.00010171
-0.00009991
-0.00009960
-0.00010987
-0.00011214
-0.00011184
-0.00003128
-0.00003015
-0.00003104
-0.00034017
-0.00034520
-0.00034583
-0.00003414
-0.00003446
-0.00003534
-0.00031951
-0.00031419
-0.00031486
-0.00011110
-0.00010872
-0.00010957
-0.00011920
-0.00012089
-0.00012173
-0.00012787
-0.00012656
-0.00012534
-0.00013586
-0.00013853
-0.00013733
-0.00002152
-0.00002100
-0.00002069
-0.00033297
-0.00033851
-0.00033827
-0.00002440
-0.00002532
-0.00002500
-0.00031207
-0.00030716
-0.00030691
-0.00007856
-0.00007674
-0.00007801
-0.00021951
-0.00022225
-0.00022333
-0.00006115
-0.00006039
-0.00005952
-0.00020435
-0.00020809
-0.00020732
-0.00000581
-0.00000536
-0.00000567
-0.00055374
-0.00056242
-0.00056256
-0.00005650
-0.00005765
-0.00005796
-0.00018266
-0.00017937
-0.00017966
-0.00006613
-0.00006787
-0.00006700
-0.00019141
-0.00018869
-0.00018790
-0.00008349
-0.00008414
-0.00008540
-0.00020682
-0.00020321
-0.00020431
-0.00000712
-0.00000733
-0.00000764
-0.00051999
-0.00051178
-0.00051195
-0.00005149
-0.00005014
-0.00005045
-0.00019571
-0.00019896
-0.00019924
-0.00012787
-0.00012534
-0.00012656
-0.00013586
-0.00013733
-0.00013853
-0.00011110
-0.00010957
-0.00010872
-0.00011920
-0.00012173
-0.00012089
-0.00002152
-0.00002069
-0.00002100
-0.00033297
-0.00033827
-0.00033851
-0.00002440
-0.00002500
-0.00002532
-0.00031207
-0.00030691
-0.00030716
-0.00010171
-0.00009960
-0.00009991
-0.00010987
-0.00011184
-0.00011214
-0.00014854
-0.00014732
-0.00014599
-0.00015631
-0.00015898
-0.00015767
-0.00003128
-0.00003104
-0.00003015
-0.00034017
-0.00034583
-0.00034520
-0.00003414
-0.00003534
-0.00003446
-0.00031951
-0.00031486
-0.00031419
-0.00006115
-0.00005952
-0.00006039
-0.00020435
-0.00020732
-0.00020809
-0.00007856
-0.00007801
-0.00007674
-0.00021951
-0.00022333
-0.00022225
-0.00000581
-0.00000567
-0.00000536
-0.00055374
-0.00056256
-0.00056242
-0.00005650
-0.00005796
-0.00005765
-0.00018266
-0.00017966
-0.00017937
-0.00008349
-0.00008540
-0.00008414
-0.00020682
-0.00020431
-0.00020321
-0.00006613
-0.00006700
-0.00006787
-0.00019141
-0.00018790
-0.00018869
-0.00000712
-0.00000764
-0.00000733
-0.00051999
-0.00051195
-0.00051178
-0.00005149
-0.00005045
-0.00005014
-0.00019571
-0.00019924
-0.00019896
-0.00011065
-0.00010848
-0.00010982
-0.00018242
-0.00018438
-0.00018560
-0.00007721
-0.00007597
-0.00007537
-0.00015126
-0.00015421
-0.00015365
-0.00001587
-0.00001509
-0.00001570
-0.00043252
-0.00043918
-0.00043955
-0.00004200
-0.00004270
-0.00004331
-0.00024296
-0.00023874
-0.00023926
-0.00007721
-0.00007537
-0.00007597
-0.00015126
-0.00015365
-0.00015421
-0.00011065
-0.00010982
-0.00010848
-0.00018242
-0.00018560
-0.00018438
-0.00001587
-0.00001570
-0.00001509
-0.00043252
-0.00043955
-0.00043918
-0.00004200
-0.00004331
-0.00004270
-0.00024296
-0.00023926
-0.00023874
-0.00005213
-0.00005067
-0.00005178
-0.00027077
-0.00027453
-0.00027540
-0.00005213
-0.00005178
-0.00005067
-0.00027077
-0.00027540
-0.00027453
-0.00000099
-0.00000086
-0.00000086
-0.00071099
-0.00072219
-0.00072219
-0.00007873
-0.00008040
-0.00008040
-0.00013626
-0.00013377
-0.00013377
-0.00009726
-0.00009945
-0.00009837
-0.00015400
-0.00015206
-0.00015104
-0.00009726
-0.00009837
-0.00009945
-0.00015400
-0.00015104
-0.00015206
-0.00001291
-0.00001346
-0.00001346
-0.00040281
-0.00039641
-0.00039641
-0.00003317
-0.00003226
-0.00003226
-0.00025524
-0.00025953
-0.00025953
-0.00011689
-0.00011917
-0.00011784
-0.00017248
-0.00017070
-0.00016946
-0.00008361
-0.00008498
-0.00008558
-0.00014096
-0.00013819
-0.00013877
-0.00001791
-0.00001877
-0.00001815
-0.00040613
-0.00039997
-0.00039956
-0.00003815
-0.00003755
-0.00003693
-0.00025941
-0.00026392
-0.00026342
-0.00008361
-0.00008558
-0.00008498
-0.00014096
-0.00013877
-0.00013819
-0.00011689
-0.00011784
-0.00011917
-0.00017248
-0.00016946
-0.00017070
-0.00001791
-0.00001815
-0.00001877
-0.00040613
-0.00039956
-0.00039997
-0.00003815
-0.00003693
-0.00003755
-0.00025941
-0.00026342
-0.00026392
-0.00005595
-0.00005751
-0.00005640
-0.00025459
-0.00025114
-0.00025023
-0.00005595
-0.00005640
-0.00005751
-0.00025459
-0.00025023
-0.00025114
-0.00000163
-0.00000182
-0.00000182
-0.00066783
-0.00065743
-0.00065743
-0.00007231
-0.00007077
-0.00007077
-0.00014660
-0.00014928
-0.00014928
-0.00009091
-0.00008884
-0.00008993
-0.00016417
-0.00016631
-0.00016731
-0.00009091
-0.00008993
-0.00008884
-0.00016417
-0.00016731
-0.00016631
-0.00001087
-0.00001039
-0.00001039
-0.00042936
-0.00043625
-0.00043625
-0.00003702
-0.00003803
-0.00003803
-0.00023872
-0.00023474
-0.00023474
-0.00015130
-0.00015261
-0.00015382
-0.00016287
-0.00016416
-0.00016152
-0.00009891
-0.00009876
-0.00010080
-0.00011116
-0.00011101
-0.00010896
-0.00003388
-0.00003488
-0.00003506
-0.00034785
-0.00034855
-0.00034287
-0.00003818
-0.00003918
-0.00003792
-0.00031698
-0.00031773
-0.00032231
-0.00011229
-0.00011325
-0.00011471
-0.00012442
-0.00012537
-0.00012280
-0.00012180
-0.00012065
-0.00012316
-0.00013383
-0.00013270
-0.00013118
-0.00001998
-0.00001982
-0.00002058
-0.00033774
-0.00033762
-0.00033226
-0.00002429
-0.00002414
-0.00002345
-0.00030636
-0.00030623
-0.00031134
-0.00008190
-0.00008323
-0.00008375
-0.00022661
-0.00022772
-0.00022390
-0.00005708
-0.00005633
-0.00005790
-0.00020516
-0.00020450
-0.00020146
-0.00000685
-0.00000732
-0.00000738
-0.00056310
-0.00056331
-0.00055448
-0.00005912
-0.00005959
-0.00005805
-0.00018072
-0.00018115
-0.00018407
-0.00006457
-0.00006383
-0.00006289
-0.00018570
-0.00018502
-0.00018849
-0.00008928
-0.00009060
-0.00008866
-0.00020769
-0.00020883
-0.00021130
-0.00000882
-0.00000929
-0.00000869
-0.00051257
-0.00051281
-0.00052080
-0.00005162
-0.00005208
-0.00005304
-0.00020029
-0.00020070
-0.00019711
-0.00013029
-0.00013156
-0.00013283
-0.00014221
-0.00014346
-0.00014078
-0.00010636
-0.00010563
-0.00010795
-0.00011854
-0.00011782
-0.00011607
-0.00002218
-0.00002265
-0.00002309
-0.00033938
-0.00033973
-0.00033415
-0.00002649
-0.00002696
-0.00002597
-0.00030808
-0.00030844
-0.00031329
-0.00010104
-0.00010149
-0.00010323
-0.00011327
-0.00011372
-0.00011138
-0.00014201
-0.00014068
-0.00014323
-0.00015375
-0.00015245
-0.00015107
-0.00002769
-0.00002694
-0.00002799
-0.00034343
-0.00034288
-0.00033778
-0.00003200
-0.00003125
-0.00003087
-0.00031233
-0.00031175
-0.00031704
-0.00006319
-0.00006419
-0.00006488
-0.00021056
-0.00021143
-0.00020765
-0.00007305
-0.00007186
-0.00007364
-0.00021910
-0.00021808
-0.00021529
-0.00000465
-0.00000449
-0.00000486
-0.00056209
-0.00056201
-0.00055329
-0.00005695
-0.00005679
-0.00005556
-0.00017873
-0.00017858
-0.00018180
-0.00008047
-0.00007929
-0.00007859
-0.00019997
-0.00019892
-0.00020253
-0.00007066
-0.00007165
-0.00006986
-0.00019121
-0.00019210
-0.00019476
-0.00000662
-0.00000646
-0.00000617
-0.00051140
-0.00051132
-0.00051950
-0.00004944
-0.00004928
-0.00005055
-0.00019833
-0.00019819
-0.00019487
-0.00011391
-0.00011528
-0.00011609
-0.00018929
-0.00019052
-0.00018735
-0.00007378
-0.00007332
-0.00007508
-0.00015214
-0.00015170
-0.00014924
-0.00001776
-0.00001852
-0.00001862
-0.00044080
-0.00044125
-0.00043421
-0.00004535
-0.00004610
-0.00004472
-0.00024100
-0.00024164
-0.00024527
-0.00007799
-0.00007872
-0.00007989
-0.00015612
-0.00015681
-0.00015380
-0.00010449
-0.00010319
-0.00010535
-0.00018076
-0.00017957
-0.00017757
-0.00001346
-0.00001299
-0.00001370
-0.00043817
-0.00043788
-0.00043117
-0.00004108
-0.00004062
-0.00003984
-0.00023736
-0.00023696
-0.00024113
-0.00005524
-0.00005644
-0.00005675
-0.00027811
-0.00027904
-0.00027441
-0.00004750
-0.00004650
-0.00004792
-0.00027201
-0.00027121
-0.00026740
-0.00000110
-0.00000126
-0.00000131
-0.00072225
-0.00072229
-0.00071107
-0.00008063
-0.00008079
-0.00007904
-0.00013400
-0.00013415
-0.00013656
-0.00009530
-0.00009432
-0.00009315
-0.00014810
-0.00014716
-0.00015009
-0.00010281
-0.00010397
-0.00010175
-0.00015526
-0.00015637
-0.00015826
-0.00001370
-0.00001386
-0.00001323
-0.00039657
-0.00039668
-0.00040302
-0.00003250
-0.00003265
-0.00003349
-0.00025973
-0.00025986
-0.00025551
-0.00011390
-0.00011261
-0.00011162
-0.00016575
-0.00016454
-0.00016756
-0.00008758
-0.00008832
-0.00008628
-0.00014070
-0.00014140
-0.00014352
-0.00001653
-0.00001606
-0.00001575
-0.00039848
-0.00039817
-0.00040470
-0.00003531
-0.00003485
-0.00003599
-0.00026208
-0.00026169
-0.00025761
-0.00008339
-0.00008294
-0.00008150
-0.00013666
-0.00013622
-0.00013893
-0.00012321
-0.00012457
-0.00012229
-0.00017447
-0.00017573
-0.00017749
-0.00002083
-0.00002158
-0.00002066
-0.00040132
-0.00040182
-0.00040791
-0.00003959
-0.00004034
-0.00004088
-0.00026561
-0.00026622
-0.00026166
-0.00005324
-0.00005225
-0.00005174
-0.00024762
-0.00024679
-0.00025113
-0.00006096
-0.00006216
-0.00006056
-0.00025396
-0.00025492
-0.00025832
-0.00000206
-0.00000222
-0.00000195
-0.00065751
-0.00065757
-0.00066793
-0.00007100
-0.00007116
-0.00007262
-0.00014950
-0.00014965
-0.00014690
-0.00009331
-0.00009448
-0.00009542
-0.00017046
-0.00017155
-0.00016838
-0.00008575
-0.00008477
-0.00008679
-0.00016341
-0.00016249
-0.00016030
-0.00001063
-0.00001079
-0.00001119
-0.00043640
-0.00043650
-0.00042957
-0.00003827
-0.00003843
-0.00003734
-0.00023494
-0.00023508
-0.00023899
-0.00014068
-0.00014201
-0.00014323
-0.00015245
-0.00015375
-0.00015107
-0.00010149
-0.00010104
-0.00010323
-0.00011372
-0.00011327
-0.00011138
-0.00002694
-0.00002769
-0.00002799
-0.00034288
-0.00034343
-0.00033778
-0.00003125
-0.00003200
-0.00003087
-0.00031175
-0.00031233
-0.00031704
-0.00010563
-0.00010636
-0.00010795
-0.00011782
-0.00011854
-0.00011607
-0.00013156
-0.00013029
-0.00013283
-0.00014346
-0.00014221
-0.00014078
-0.00002265
-0.00002218
-0.00002309
-0.00033973
-0.00033938
-0.00033415
-0.00002696
-0.00002649
-0.00002597
-0.00030844
-0.00030808
-0.00031329
-0.00007186
-0.00007305
-0.00007364
-0.00021808
-0.00021910
-0.00021529
-0.00006419
-0.00006319
-0.00006488
-0.00021143
-0.00021056
-0.00020765
-0.00000449
-0.00000465
-0.00000486
-0.00056201
-0.00056209
-0.00055329
-0.00005679
-0.00005695
-0.00005556
-0.00017858
-0.00017873
-0.00018180
-0.00007165
-0.00007066
-0.00006986
-0.00019210
-0.00019121
-0.00019476
-0.00007929
-0.00008047
-0.00007859
-0.00019892
-0.00019997
-0.00020253
-0.00000646
-0.00000662
-0.00000617
-0.00051132
-0.00051140
-0.00051950
-0.00004928
-0.00004944
-0.00005055
-0.00019819
-0.00019833
-0.00019487
-0.00012065
-0.00012180
-0.00012316
-0.00013270
-0.00013383
-0.00013118
-0.00011325
-0.00011229
-0.00011471
-0.00012537
-0.00012442
-0.00012280
-0.00001982
-0.00001998
-0.00002058
-0.00033762
-0.00033774
-0.00033226
-0.00002414
-0.00002429
-0.00002345
-0.00030623
-0.00030636
-0.00031134
-0.00009876
-0.00009891
-0.00010080
-0.00011101
-0.00011116
-0.00010896
-0.00015261
-0.00015130
-0.00015382
-0.00016416
-0.00016287
-0.00016152
-0.00003488
-0.00003388
-0.00003506
-0.00034855
-0.00034785
-0.00034287
-0.00003918
-0.00003818
-0.00003792
-0.00031773
-0.00031698
-0.00032231
-0.00005633
-0.00005708
-0.00005790
-0.00020450
-0.00020516
-0.00020146
-0.00008323
-0.00008190
-0.00008375
-0.00022772
-0.00022661
-0.00022390
-0.00000732
-0.00000685
-0.00000738
-0.00056331
-0.00056310
-0.00055448
-0.00005959
-0.00005912
-0.00005805
-0.00018115
-0.00018072
-0.00018407
-0.00009060
-0.00008928
-0.00008866
-0.00020883
-0.00020769
-0.00021130
-0.00006383
-0.00006457
-0.00006289
-0.00018502
-0.00018570
-0.00018849
-0.00000929
-0.00000882
-0.00000869
-0.00051281
-0.00051257
-0.00052080
-0.00005208
-0.00005162
-0.00005304
-0.00020070
-0.00020029
-0.00019711
-0.00010319
-0.00010449
-0.00010535
-0.00017957
-0.00018076
-0.00017757
-0.00007872
-0.00007799
-0.00007989
-0.00015681
-0.00015612
-0.00015380
-0.00001299
-0.00001346
-0.00001370
-0.00043788
-0.00043817
-0.00043117
-0.00004062
-0.00004108
-0.00003984
-0.00023696
-0.00023736
-0.00024113
-0.00007332
-0.00007378
-0.00007508
-0.00015170
-0.00015214
-0.00014924
-0.00011528
-0.00011391
-0.00011609
-0.00019052
-0.00018929
-0.00018735
-0.00001852
-0.00001776
-0.00001862
-0.00044125
-0.00044080
-0.00043421
-0.00004610
-0.00004535
-0.00004472
-0.00024164
-0.00024100
-0.00024527
-0.00004650
-0.00004750
-0.00004792
-0.00027121
-0.00027201
-0.00026740
-0.00005644
-0.00005524
-0.00005675
-0.00027904
-0.00027811
-0.00027441
-0.00000126
-0.00000110
-0.00000131
-0.00072229
-0.00072225
-0.00071107
-0.00008079
-0.00008063
-0.00007904
-0.00013415
-0.00013400
-0.00013656
-0.00010397
-0.00010281
-0.00010175
-0.00015637
-0.00015526
-0.00015826
-0.00009432
-0.00009530
-0.00009315
-0.00014716
-0.00014810
-0.00015009
-0.00001386
-0.00001370
-0.00001323
-0.00039668
-0.00039657
-0.00040302
-0.00003265
-0.00003250
-0.00003349
-0.00025986
-0.00025973
-0.00025551
-0.00012457
-0.00012321
-0.00012229
-0.00017573
-0.00017447
-0.00017749
-0.00008294
-0.00008339
-0.00008150
-0.00013622
-0.00013666
-0.00013893
-0.00002158
-0.00002083
-0.00002066
-0.00040182
-0.00040132
-0.00040791
-0.00004034
-0.00003959
-0.00004088
-0.00026622
-0.00026561
-0.00026166
-0.00008832
-0.00008758
-0.00008628
-0.00014140
-0.00014070
-0.00014352
-0.00011261
-0.00011390
-0.00011162
-0.00016454
-0.00016575
-0.00016756
-0.00001606
-0.00001653
-0.00001575
-0.00039817
-0.00039848
-0.00040470
-0.00003485
-0.00003531
-0.00003599
-0.00026169
-0.00026208
-0.00025761
-0.00006216
-0.00006096
-0.00006056
-0.00025492
-0.00025396
-0.00025832
-0.00005225
-0.00005324
-0.00005174
-0.00024679
-0.00024762
-0.00025113
-0.00000222
-0.00000206
-0.00000195
-0.00065757
-0.00065751
-0.00066793
-0.00007116
-0.00007100
-0.00007262
-0.00014965
-0.00014950
-0.00014690
-0.00008477
-0.00008575
-0.00008679
-0.00016249
-0.00016341
-0.00016030
-0.00009448
-0.00009331
-0.00009542
-0.00017155
-0.00017046
-0.00016838
-0.00001079
-0.00001063
-0.00001119
-0.00043650
-0.00043640
-0.00042957
-0.00003843
-0.00003827
-0.00003734
-0.00023508
-0.00023494
-0.00023899
-0.00013193
-0.00013328
-0.00013428
-0.00017489
-0.00017616
-0.00017327
-0.00008520
-0.00008489
-0.00008678
-0.00013025
-0.00012995
-0.00012771
-0.00002517
-0.00002605
-0.00002618
-0.00039107
-0.00039164
-0.00038533
-0.00004101
-0.00004189
-0.00004057
-0.00027688
-0.00027759
-0.00028166
-0.00009410
-0.00009496
-0.00009626
-0.00013887
-0.00013969
-0.00013691
-0.00011215
-0.00011092
-0.00011325
-0.00015620
-0.00015503
-0.00015329
-0.00001601
-0.00001569
-0.00001642
-0.00038489
-0.00038467
-0.00037868
-0.00003188
-0.00003157
-0.00003085
-0.00026946
-0.00026921
-0.00027381
-0.00006791
-0.00006918
-0.00006959
-0.00025036
-0.00025138
-0.00024718
-0.00005148
-0.00005060
-0.00005209
-0.00023674
-0.00023599
-0.00023260
-0.00000333
-0.00000365
-0.00000370
-0.00063754
-0.00063765
-0.00062771
-0.00006883
-0.00006914
-0.00006751
-0.00015579
-0.00015608
-0.00015873
-0.00007899
-0.00007813
-0.00007709
-0.00016532
-0.00016451
-0.00016769
-0.00009515
-0.00009639
-0.00009432
-0.00018024
-0.00018138
-0.00018354
-0.00001057
-0.00001089
-0.00001028
-0.00045103
-0.00045122
-0.00045833
-0.00004119
-0.00004150
-0.00004240
-0.00022790
-0.00022818
-0.00022423
-0.00011092
-0.00011215
-0.00011325
-0.00015503
-0.00015620
-0.00015329
-0.00009496
-0.00009410
-0.00009626
-0.00013969
-0.00013887
-0.00013691
-0.00001569
-0.00001601
-0.00001642
-0.00038467
-0.00038489
-0.00037868
-0.00003157
-0.00003188
-0.00003085
-0.00026921
-0.00026946
-0.00027381
-0.00008489
-0.00008520
-0.00008678
-0.00012995
-0.00013025
-0.00012771
-0.00013328
-0.00013193
-0.00013428
-0.00017616
-0.00017489
-0.00017327
-0.00002605
-0.00002517
-0.00002618
-0.00039164
-0.00039107
-0.00038533
-0.00004189
-0.00004101
-0.00004057
-0.00027759
-0.00027688
-0.00028166
-0.00005060
-0.00005148
-0.00005209
-0.00023599
-0.00023674
-0.00023260
-0.00006918
-0.00006791
-0.00006959
-0.00025138
-0.00025036
-0.00024718
-0.00000365
-0.00000333
-0.00000370
-0.00063765
-0.00063754
-0.00062771
-0.00006914
-0.00006883
-0.00006751
-0.00015608
-0.00015579
-0.00015873
-0.00009639
-0.00009515
-0.00009432
-0.00018138
-0.00018024
-0.00018354
-0.00007813
-0.00007899
-0.00007709
-0.00016451
-0.00016532
-0.00016769
-0.00001089
-0.00001057
-0.00001028
-0.00045122
-0.00045103
-0.00045833
-0.00004150
-0.00004119
-0.00004240
-0.00022818
-0.00022790
-0.00022423
-0.00009723
-0.00009860
-0.00009925
-0.00020640
-0.00020757
-0.00020410
-0.00006446
-0.00006385
-0.00006551
-0.00017704
-0.00017648
-0.00017375
-0.00001166
-0.00001227
-0.00001235
-0.00049785
-0.00049818
-0.00049030
-0.00005135
-0.00005195
-0.00005050
-0.00020904
-0.00020958
-0.00021283
-0.00006385
-0.00006446
-0.00006551
-0.00017648
-0.00017704
-0.00017375
-0.00009860
-0.00009723
-0.00009925
-0.00020757
-0.00020640
-0.00020410
-0.00001227
-0.00001166
-0.00001235
-0.00049818
-0.00049785
-0.00049030
-0.00005195
-0.00005135
-0.00005050
-0.00020958
-0.00020904
-0.00021283
-0.00004390
-0.00004501
-0.00004525
-0.00031041
-0.00031123
-0.00030611
-0.00004501
-0.00004390
-0.00004525
-0.00031123
-0.00031041
-0.00030611
-0.00000014
-0.00000014
-0.00000019
-0.00081842
-0.00081842
-0.00080574
-0.00009468
-0.00009468
-0.00009280
-0.00011511
-0.00011511
-0.00011732
-0.00011355
-0.00011249
-0.00011116
-0.00013369
-0.00013264
-0.00013535
-0.00011249
-0.00011355
-0.00011116
-0.00013264
-0.00013369
-0.00013535
-0.00001825
-0.00001825
-0.00001760
-0.00034854
-0.00034854
-0.00035422
-0.00002545
-0.00002545
-0.00002624
-0.00029619
-0.00029619
-0.00029136
-0.00013301
-0.00013170
-0.00013053
-0.00015273
-0.00015145
-0.00015423
-0.00009923
-0.00009982
-0.00009764
-0.00011959
-0.00012018
-0.00012209
-0.00002356
-0.00002294
-0.00002260
-0.00035241
-0.00035197
-0.00035784
-0.00003075
-0.00003013
-0.00003123
-0.00030037
-0.00029989
-0.00029534
-0.00009982
-0.00009923
-0.00009764
-0.00012018
-0.00011959
-0.00012209
-0.00013170
-0.00013301
-0.00013053
-0.00015145
-0.00015273
-0.00015423
-0.00002294
-0.00002356
-0.00002260
-0.00035197
-0.00035241
-0.00035784
-0.00003013
-0.00003075
-0.00003123
-0.00029989
-0.00030037
-0.00029534
-0.00006610
-0.00006500
-0.00006441
-0.00022191
-0.00022096
-0.00022491
-0.00006500
-0.00006610
-0.00006441
-0.00022096
-0.00022191
-0.00022491
-0.00000368
-0.00000368
-0.00000340
-0.00057986
-0.00057986
-0.00058906
-0.00005922
-0.00005922
-0.00006058
-0.00017220
-0.00017220
-0.00016919
-0.00007742
-0.00007851
-0.00007931
-0.00018885
-0.00018983
-0.00018638
-0.00007851
-0.00007742
-0.00007931
-0.00018983
-0.00018885
-0.00018638
-0.00000696
-0.00000696
-0.00000734
-0.00049528
-0.00049528
-0.00048752
-0.00004669
-0.00004669
-0.00004554
-0.00020490
-0.00020490
-0.00020844
-0.00014366
-0.00014232
-0.00014120
-0.00016309
-0.00016179
-0.00016455
-0.00009576
-0.00009606
-0.00009403
-0.00011617
-0.00011647
-0.00011853
-0.00002971
-0.00002883
-0.00002862
-0.00035679
-0.00035616
-0.00036208
-0.00003689
-0.00003601
-0.00003724
-0.00030513
-0.00030445
-0.00030003
-0.00010575
-0.00010490
-0.00010346
-0.00012602
-0.00012518
-0.00012780
-0.00012158
-0.00012279
-0.00012034
-0.00014156
-0.00014276
-0.00014432
-0.00001936
-0.00001968
-0.00001887
-0.00034936
-0.00034959
-0.00035514
-0.00002656
-0.00002687
-0.00002750
-0.00029707
-0.00029732
-0.00029238
-0.00007569
-0.00007442
-0.00007393
-0.00023004
-0.00022898
-0.00023294
-0.00005718
-0.00005805
-0.00005647
-0.00021418
-0.00021494
-0.00021806
-0.00000510
-0.00000479
-0.00000467
-0.00058049
-0.00058035
-0.00058960
-0.00006063
-0.00006032
-0.00006183
-0.00017350
-0.00017322
-0.00017035
-0.00006965
-0.00007052
-0.00007144
-0.00018180
-0.00018259
-0.00017921
-0.00008802
-0.00008677
-0.00008874
-0.00019833
-0.00019722
-0.00019484
-0.00000839
-0.00000807
-0.00000861
-0.00049607
-0.00049590
-0.00048823
-0.00004810
-0.00004779
-0.00004680
-0.00020616
-0.00020588
-0.00020956
-0.00012279
-0.00012158
-0.00012034
-0.00014276
-0.00014156
-0.00014432
-0.00010490
-0.00010575
-0.00010346
-0.00012518
-0.00012602
-0.00012780
-0.00001968
-0.00001936
-0.00001887
-0.00034959
-0.00034936
-0.00035514
-0.00002687
-0.00002656
-0.00002750
-0.00029732
-0.00029707
-0.00029238
-0.00009606
-0.00009576
-0.00009403
-0.00011647
-0.00011617
-0.00011853
-0.00014232
-0.00014366
-0.00014120
-0.00016179
-0.00016309
-0.00016455
-0.00002883
-0.00002971
-0.00002862
-0.00035616
-0.00035679
-0.00036208
-0.00003601
-0.00003689
-0.00003724
-0.00030445
-0.00030513
-0.00030003
-0.00005805
-0.00005718
-0.00005647
-0.00021494
-0.00021418
-0.00021806
-0.00007442
-0.00007569
-0.00007393
-0.00022898
-0.00023004
-0.00023294
-0.00000479
-0.00000510
-0.00000467
-0.00058035
-0.00058049
-0.00058960
-0.00006032
-0.00006063
-0.00006183
-0.00017322
-0.00017350
-0.00017035
-0.00008677
-0.00008802
-0.00008874
-0.00019722
-0.00019833
-0.00019484
-0.00007052
-0.00006965
-0.00007144
-0.00018259
-0.00018180
-0.00017921
-0.00000807
-0.00000839
-0.00000861
-0.00049590
-0.00049607
-0.00048823
-0.00004779
-0.00004810
-0.00004680
-0.00020588
-0.00020616
-0.00020956
-0.00010689
-0.00010554
-0.00010478
-0.00019086
-0.00018965
-0.00019295
-0.00007236
-0.00007296
-0.00007118
-0.00015911
-0.00015967
-0.00016218
-0.00001478
-0.00001416
-0.00001402
-0.00045356
-0.00045319
-0.00046054
-0.00004536
-0.00004475
-0.00004611
-0.00023151
-0.00023099
-0.00022746
-0.00007296
-0.00007236
-0.00007118
-0.00015967
-0.00015911
-0.00016218
-0.00010554
-0.00010689
-0.00010478
-0.00018965
-0.00019086
-0.00019295
-0.00001416
-0.00001478
-0.00001402
-0.00045319
-0.00045356
-0.00046054
-0.00004475
-0.00004536
-0.00004611
-0.00023099
-0.00023151
-0.00022746
-0.00004999
-0.00004889
-0.00004857
-0.00028397
-0.00028311
-0.00028793
-0.00004889
-0.00004999
-0.00004857
-0.00028311
-0.00028397
-0.00028793
-0.00000062
-0.00000062
-0.00000051
-0.00074514
-0.00074514
-0.00075690
-0.00008381
-0.00008381
-0.00008555
-0.00012890
-0.00012890
-0.00012651
-0.00010175
-0.00010282
-0.00010400
-0.00014624
-0.00014727
-0.00014440
-0.00010282
-0.00010175
-0.00010400
-0.00014727
-0.00014624
-0.00014440
-0.00001458
-0.00001458
-0.00001516
-0.00038390
-0.00038390
-0.00037779
-0.00003046
-0.00003046
-0.00002958
-0.00026829
-0.00026829
-0.00027277
-0.00012115
-0.00012248
-0.00012351
-0.00016476
-0.00016602
-0.00016309
-0.00008898
-0.00008838
-0.00009042
-0.00013391
-0.00013333
-0.00013125
-0.00001928
-0.00001989
-0.00002016
-0.00038713
-0.00038755
-0.00038126
-0.00003514
-0.00003575
-0.00003457
-0.00027214
-0.00027264
-0.00027684
-0.00008838
-0.00008898
-0.00009042
-0.00013333
-0.00013391
-0.00013125
-0.00012248
-0.00012115
-0.00012351
-0.00016602
-0.00016476
-0.00016309
-0.00001989
-0.00001928
-0.00002016
-0.00038755
-0.00038713
-0.00038126
-0.00003575
-0.00003514
-0.00003457
-0.00027264
-0.00027214
-0.00027684
-0.00005845
-0.00005955
-0.00006004
-0.00024259
-0.00024351
-0.00023932
-0.00005955
-0.00005845
-0.00006004
-0.00024351
-0.00024259
-0.00023932
-0.00000222
-0.00000222
-0.00000243
-0.00063714
-0.00063714
-0.00062724
-0.00006775
-0.00006775
-0.00006626
-0.00015476
-0.00015476
-0.00015756
-0.00008694
-0.00008585
-0.00008493
-0.00017270
-0.00017170
-0.00017495
-0.00008585
-0.00008694
-0.00008493
-0.00017170
-0.00017270
-0.00017495
-0.00000947
-0.00000947
-0.00000901
-0.00045035
-0.00045035
-0.00045757
-0.00004009
-0.00004009
-0.00004114
-0.00022695
-0.00022695
-0.00022314
