1536 1
4.99937944
0.99938991
3.99939938
5.10516350
1.03127037
4.18072494
-0.00040289
-0.00040411
-0.00038781
-0.00043555
-0.00043677
-0.00045316
4.99985555
0.99986358
3.99986504
8.41669083
1.69996521
6.89252723
-0.00015591
-0.00014789
-0.00015790
-0.00129251
-0.00128663
-0.00125028
-0.00046293
-0.00045526
-0.00044359
-0.00049524
-0.00048762
-0.00050829
-0.00048827
-0.00049740
-0.00047746
-0.00052039
-0.00052946
-0.00054168
-0.00008194
-0.00008321
-0.00007704
-0.00132897
-0.00132993
-0.00137323
-0.00009345
-0.00009471
-0.00010007
-0.00124526
-0.00124624
-0.00120575
4.99965957
0.99967018
3.99967426
6.55509574
1.32410906
5.36808535
-0.00022887
-0.00023484
-0.00022226
-0.00080351
-0.00080884
-0.00083328
4.99996836
0.99997211
3.99997270
10.80679077
2.18233878
8.84970781
-0.00023431
-0.00023062
-0.00024287
-0.00073832
-0.00073495
-0.00071164
-0.00024885
-0.00025481
-0.00026223
-0.00075156
-0.00075694
-0.00072938
-0.00036006
-0.00034949
-0.00036506
-0.00084994
-0.00084085
-0.00082130
-0.00003688
-0.00003314
-0.00003780
-0.00208465
-0.00208276
-0.00201948
-0.00021430
-0.00021060
-0.00020282
-0.00079046
-0.00078712
-0.00081601
-0.00053655
-0.00052644
-0.00051630
-0.00056828
-0.00055824
-0.00057987
-0.00042917
-0.00043496
-0.00041647
-0.00046169
-0.00046745
-0.00048150
-0.00009448
-0.00009075
-0.00008709
-0.00133840
-0.00133559
-0.00138066
-0.00010598
-0.00010225
-0.00011011
-0.00125498
-0.00125210
-0.00121365
-0.00041500
-0.00041140
-0.00039754
-0.00044760
-0.00044401
-0.00046278
-0.00056776
-0.00057832
-0.00055807
-0.00059916
-0.00060963
-0.00062080
-0.00010920
-0.00011523
-0.00010671
-0.00134929
-0.00135372
-0.00139492
-0.00012069
-0.00012671
-0.00012970
-0.00126625
-0.00127080
-0.00122888
-0.00026371
-0.00025578
-0.00025020
-0.00083438
-0.00082739
-0.00085782
-0.00028999
-0.00029949
-0.00028526
-0.00085728
-0.00086550
-0.00088808
-0.00001907
-0.00002034
-0.00001723
-0.00221338
-0.00221399
-0.00228457
-0.00022191
-0.00022316
-0.00023295
-0.00072697
-0.00072812
-0.00070250
-0.00030980
-0.00031928
-0.00032488
-0.00080617
-0.00081450
-0.00078591
-0.00028361
-0.00027570
-0.00029003
-0.00078286
-0.00077579
-0.00075465
-0.00002432
-0.00002559
-0.00002773
-0.00207817
-0.00207883
-0.00201406
-0.00020187
-0.00020312
-0.00019285
-0.00077925
-0.00078039
-0.00080709
4.99953008
0.99954103
3.99954739
5.78489171
1.16856417
4.73736233
-0.00029878
-0.00030245
-0.00028828
-0.00059554
-0.00059903
-0.00061880
4.99992229
0.99992833
3.99992920
9.53717880
1.92612878
7.81006745
-0.00018213
-0.00017613
-0.00018713
-0.00098393
-0.00097889
-0.00095004
-0.00032276
-0.00031687
-0.00030753
-0.00061828
-0.00061270
-0.00063693
-0.00041635
-0.00042675
-0.00040955
-0.00070567
-0.00071525
-0.00073140
-0.00005318
-0.00005693
-0.00005115
-0.00172394
-0.00172631
-0.00178058
-0.00015776
-0.00016148
-0.00016762
-0.00096330
-0.00096647
-0.00093333
4.99976802
0.99977761
3.99978010
7.42781508
1.50032799
6.08275098
-0.00018787
-0.00019587
-0.00018453
-0.00106667
-0.00107313
-0.00110392
4.99999389
0.99999516
3.99999567
12.24536797
2.47258188
10.02769105
-0.00031707
-0.00031583
-0.00032981
-0.00054716
-0.00054597
-0.00052672
-0.00036895
-0.00037674
-0.00038612
-0.00059690
-0.00060433
-0.00058104
-0.00041184
-0.00040252
-0.00042039
-0.00063764
-0.00062884
-0.00061385
-0.00005382
-0.00005255
-0.00005746
-0.00161295
-0.00161211
-0.00156183
-0.00013486
-0.00013360
-0.00012682
-0.00102296
-0.00102190
-0.00105696
-0.00044147
-0.00045182
-0.00045976
-0.00066557
-0.00067525
-0.00065126
-0.00034834
-0.00034246
-0.00035872
-0.00057719
-0.00057157
-0.00055467
-0.00006136
-0.00006511
-0.00006752
-0.00161800
-0.00162047
-0.00156870
-0.00014238
-0.00014610
-0.00013685
-0.00102926
-0.00103237
-0.00106526
-0.00032445
-0.00032810
-0.00033962
-0.00055426
-0.00055777
-0.00053621
-0.00049468
-0.00048380
-0.00050223
-0.00071507
-0.00070504
-0.00069121
-0.00008588
-0.00007984
-0.00008715
-0.00163398
-0.00163012
-0.00158183
-0.00016677
-0.00016077
-0.00015640
-0.00104949
-0.00104453
-0.00108129
-0.00020320
-0.00021118
-0.00021518
-0.00100153
-0.00100811
-0.00097371
-0.00024723
-0.00023764
-0.00025041
-0.00103737
-0.00102970
-0.00100278
-0.00000868
-0.00000741
-0.00000946
-0.00267250
-0.00267210
-0.00259011
-0.00029138
-0.00029014
-0.00027841
-0.00058851
-0.00058732
-0.00060946
-0.00038654
-0.00037719
-0.00036974
-0.00067811
-0.00066939
-0.00069491
-0.00034346
-0.00035128
-0.00033515
-0.00063779
-0.00064516
-0.00066280
-0.00004563
-0.00004437
-0.00004109
-0.00171915
-0.00171834
-0.00177437
-0.00015025
-0.00014899
-0.00015762
-0.00095687
-0.00095579
-0.00092470
-0.00056776
-0.00055807
-0.00057832
-0.00059916
-0.00062080
-0.00060963
-0.00041500
-0.00039754
-0.00041140
-0.00044760
-0.00046278
-0.00044401
-0.00010920
-0.00010671
-0.00011523
-0.00134929
-0.00139492
-0.00135372
-0.00012069
-0.00012970
-0.00012671
-0.00126625
-0.00122888
-0.00127080
-0.00042917
-0.00041647
-0.00043496
-0.00046169
-0.00048150
-0.00046745
-0.00053655
-0.00051630
-0.00052644
-0.00056828
-0.00057987
-0.00055824
-0.00009448
-0.00008709
-0.00009075
-0.00133840
-0.00138066
-0.00133559
-0.00010598
-0.00011011
-0.00010225
-0.00125498
-0.00121365
-0.00125210
-0.00028999
-0.00028526
-0.00029949
-0.00085728
-0.00088808
-0.00086550
-0.00026371
-0.00025020
-0.00025578
-0.00083438
-0.00085782
-0.00082739
-0.00001907
-0.00001723
-0.00002034
-0.00221338
-0.00228457
-0.00221399
-0.00022191
-0.00023295
-0.00022316
-0.00072697
-0.00070250
-0.00072812
-0.00028361
-0.00029003
-0.00027570
-0.00078286
-0.00075465
-0.00077579
-0.00030980
-0.00032488
-0.00031928
-0.00080617
-0.00078591
-0.00081450
-0.00002432
-0.00002773
-0.00002559
-0.00207817
-0.00201406
-0.00207883
-0.00020187
-0.00019285
-0.00020312
-0.00077925
-0.00080709
-0.00078039
-0.00048827
-0.00047746
-0.00049740
-0.00052039
-0.00054168
-0.00052946
-0.00046293
-0.00044359
-0.00045526
-0.00049524
-0.00050829
-0.00048762
-0.00008194
-0.00007704
-0.00008321
-0.00132897
-0.00137323
-0.00132993
-0.00009345
-0.00010007
-0.00009471
-0.00124526
-0.00120575
-0.00124624
-0.00040289
-0.00038781
-0.00040411
-0.00043555
-0.00045316
-0.00043677
4.99937944
3.99939938
0.99938991
5.10516350
4.18072494
1.03127037
4.99985555
3.99986504
0.99986358
8.41669083
6.89252723
1.69996521
-0.00015591
-0.00015790
-0.00014789
-0.00129251
-0.00125028
-0.00128663
-0.00022887
-0.00022226
-0.00023484
-0.00080351
-0.00083328
-0.00080884
4.99965957
3.99967426
0.99967018
6.55509574
5.36808535
1.32410906
4.99996836
3.99997270
0.99997211
10.80679077
8.84970781
2.18233878
-0.00023431
-0.00024287
-0.00023062
-0.00073832
-0.00071164
-0.00073495
-0.00036006
-0.00036506
-0.00034949
-0.00084994
-0.00082130
-0.00084085
-0.00024885
-0.00026223
-0.00025481
-0.00075156
-0.00072938
-0.00075694
-0.00003688
-0.00003780
-0.00003314
-0.00208465
-0.00201948
-0.00208276
-0.00021430
-0.00020282
-0.00021060
-0.00079046
-0.00081601
-0.00078712
-0.00041635
-0.00040955
-0.00042675
-0.00070567
-0.00073140
-0.00071525
-0.00032276
-0.00030753
-0.00031687
-0.00061828
-0.00063693
-0.00061270
-0.00005318
-0.00005115
-0.00005693
-0.00172394
-0.00178058
-0.00172631
-0.00015776
-0.00016762
-0.00016148
-0.00096330
-0.00093333
-0.00096647
-0.00029878
-0.00028828
-0.00030245
-0.00059554
-0.00061880
-0.00059903
4.99953008
3.99954739
0.99954103
5.78489171
4.73736233
1.16856417
4.99992229
3.99992920
0.99992833
9.53717880
7.81006745
1.92612878
-0.00018213
-0.00018713
-0.00017613
-0.00098393
-0.00095004
-0.00097889
-0.00018787
-0.00018453
-0.00019587
-0.00106667
-0.00110392
-0.00107313
4.99976802
3.99978010
0.99977761
7.42781508
6.08275098
1.50032799
4.99999389
3.99999567
0.99999516
12.24536797
10.02769105
2.47258188
-0.00031707
-0.00032981
-0.00031583
-0.00054716
-0.00052672
-0.00054597
-0.00041184
-0.00042039
-0.00040252
-0.00063764
-0.00061385
-0.00062884
-0.00036895
-0.00038612
-0.00037674
-0.00059690
-0.00058104
-0.00060433
-0.00005382
-0.00005746
-0.00005255
-0.00161295
-0.00156183
-0.00161211
-0.00013486
-0.00012682
-0.00013360
-0.00102296
-0.00105696
-0.00102190
-0.00049468
-0.00050223
-0.00048380
-0.00071507
-0.00069121
-0.00070504
-0.00032445
-0.00033962
-0.00032810
-0.00055426
-0.00053621
-0.00055777
-0.00008588
-0.00008715
-0.00007984
-0.00163398
-0.00158183
-0.00163012
-0.00016677
-0.00015640
-0.00016077
-0.00104949
-0.00108129
-0.00104453
-0.00034834
-0.00035872
-0.00034246
-0.00057719
-0.00055467
-0.00057157
-0.00044147
-0.00045976
-0.00045182
-0.00066557
-0.00065126
-0.00067525
-0.00006136
-0.00006752
-0.00006511
-0.00161800
-0.00156870
-0.00162047
-0.00014238
-0.00013685
-0.00014610
-0.00102926
-0.00106526
-0.00103237
-0.00024723
-0.00025041
-0.00023764
-0.00103737
-0.00100278
-0.00102970
-0.00020320
-0.00021518
-0.00021118
-0.00100153
-0.00097371
-0.00100811
-0.00000868
-0.00000946
-0.00000741
-0.00267250
-0.00259011
-0.00267210
-0.00029138
-0.00027841
-0.00029014
-0.00058851
-0.00060946
-0.00058732
-0.00034346
-0.00033515
-0.00035128
-0.00063779
-0.00066280
-0.00064516
-0.00038654
-0.00036974
-0.00037719
-0.00067811
-0.00069491
-0.00066939
-0.00004563
-0.00004109
-0.00004437
-0.00171915
-0.00177437
-0.00171834
-0.00015025
-0.00015762
-0.00014899
-0.00095687
-0.00092470
-0.00095579
3.99947604
4.99945742
0.99946823
4.45035212
5.43441333
1.09777583
-0.00033351
-0.00034621
-0.00034866
-0.00053030
-0.00050997
-0.00051236
3.99989971
4.99989151
0.99989859
7.33697276
8.95944003
1.80952146
-0.00016947
-0.00016604
-0.00015899
-0.00109187
-0.00112978
-0.00112419
-0.00037147
-0.00038871
-0.00038186
-0.00056695
-0.00055125
-0.00054461
-0.00043956
-0.00044824
-0.00045806
-0.00063210
-0.00060864
-0.00061807
-0.00006125
-0.00006468
-0.00006720
-0.00156443
-0.00151427
-0.00151604
-0.00013060
-0.00012239
-0.00012490
-0.00106009
-0.00109459
-0.00109665
3.99972980
4.99971641
0.99972660
5.71426000
6.97782833
1.40947076
-0.00020016
-0.00020507
-0.00021208
-0.00096109
-0.00092771
-0.00093371
3.99998675
4.99998369
0.99998621
9.42031021
11.50361945
2.32293717
-0.00028213
-0.00027156
-0.00026908
-0.00061298
-0.00063642
-0.00063410
-0.00032037
-0.00030513
-0.00031207
-0.00064898
-0.00066783
-0.00067427
-0.00038911
-0.00038244
-0.00037244
-0.00071273
-0.00073889
-0.00072983
-0.00004488
-0.00004263
-0.00004011
-0.00177672
-0.00183454
-0.00183304
-0.00016139
-0.00017111
-0.00016861
-0.00092796
-0.00089839
-0.00089621
-0.00043956
-0.00045806
-0.00044824
-0.00063210
-0.00061807
-0.00060864
-0.00037147
-0.00038186
-0.00038871
-0.00056695
-0.00054461
-0.00055125
-0.00006125
-0.00006720
-0.00006468
-0.00156443
-0.00151604
-0.00151427
-0.00013060
-0.00012490
-0.00012239
-0.00106009
-0.00109665
-0.00109459
-0.00033351
-0.00034866
-0.00034621
-0.00053030
-0.00051236
-0.00050997
3.99947604
0.99946823
4.99945742
4.45035212
1.09777583
5.43441333
3.99989971
0.99989859
4.99989151
7.33697276
1.80952146
8.95944003
-0.00016947
-0.00015899
-0.00016604
-0.00109187
-0.00112419
-0.00112978
-0.00020016
-0.00021208
-0.00020507
-0.00096109
-0.00093371
-0.00092771
3.99972980
0.99972660
4.99971641
5.71426000
1.40947076
6.97782833
3.99998675
0.99998621
4.99998369
9.42031021
2.32293717
11.50361945
-0.00028213
-0.00026908
-0.00027156
-0.00061298
-0.00063410
-0.00063642
-0.00038911
-0.00037244
-0.00038244
-0.00071273
-0.00072983
-0.00073889
-0.00032037
-0.00031207
-0.00030513
-0.00064898
-0.00067427
-0.00066783
-0.00004488
-0.00004011
-0.00004263
-0.00177672
-0.00183304
-0.00183454
-0.00016139
-0.00016861
-0.00017111
-0.00092796
-0.00089621
-0.00089839
3.99961346
4.99959746
0.99960834
5.04287590
6.15796700
1.24391086
-0.00025142
-0.00025990
-0.00026474
-0.00071949
-0.00069310
-0.00069757
3.99995353
4.99994790
0.99995283
8.31365744
10.15216225
2.05024043
-0.00021141
-0.00020470
-0.00019983
-0.00082365
-0.00085381
-0.00084952
-0.00025142
-0.00026474
-0.00025990
-0.00071949
-0.00069757
-0.00069310
3.99961346
0.99960834
4.99959746
5.04287590
1.24391086
6.15796700
3.99995353
0.99995283
4.99994790
8.31365744
2.05024043
10.15216225
-0.00021141
-0.00019983
-0.00020470
-0.00082365
-0.00084952
-0.00085381
3.99982517
4.99981439
0.99982327
6.47499645
7.90681263
1.59703412
3.99982517
0.99982327
4.99981439
6.47499645
1.59703412
7.90681263
7.99999949
5.99999898
5.99999898
21.35176654
15.67000921
15.67000921
-0.00038658
-0.00037150
-0.00037150
-0.00045195
-0.00046960
-0.00046960
-0.00045979
-0.00044060
-0.00044911
-0.00052426
-0.00053745
-0.00054578
-0.00045979
-0.00044911
-0.00044060
-0.00052426
-0.00054578
-0.00053745
-0.00007578
-0.00007067
-0.00007067
-0.00137228
-0.00141732
-0.00141732
-0.00009881
-0.00010524
-0.00010524
-0.00120475
-0.00116587
-0.00116587
-0.00053695
-0.00051700
-0.00052752
-0.00060012
-0.00061197
-0.00062216
-0.00040590
-0.00039323
-0.00038848
-0.00047106
-0.00049098
-0.00048631
-0.00009575
-0.00008819
-0.00009310
-0.00138699
-0.00143000
-0.00143350
-0.00011876
-0.00012272
-0.00012762
-0.00122041
-0.00117979
-0.00118367
-0.00040590
-0.00038848
-0.00039323
-0.00047106
-0.00048631
-0.00049098
-0.00053695
-0.00052752
-0.00051700
-0.00060012
-0.00062216
-0.00061197
-0.00009575
-0.00009310
-0.00008819
-0.00138699
-0.00143350
-0.00143000
-0.00011876
-0.00012762
-0.00012272
-0.00122041
-0.00118367
-0.00117979
-0.00026694
-0.00025343
-0.00026222
-0.00087234
-0.00089616
-0.00090366
-0.00026694
-0.00026222
-0.00025343
-0.00087234
-0.00090366
-0.00089616
-0.00001596
-0.00001388
-0.00001388
-0.00228399
-0.00235677
-0.00235677
-0.00023169
-0.00024263
-0.00024263
-0.00070134
-0.00067709
-0.00067709
-0.00030667
-0.00032181
-0.00031310
-0.00076964
-0.00074972
-0.00074182
-0.00030667
-0.00031310
-0.00032181
-0.00076964
-0.00074182
-0.00074972
-0.00002646
-0.00002964
-0.00002964
-0.00201337
-0.00195057
-0.00195057
-0.00019160
-0.00018245
-0.00018245
-0.00080597
-0.00083412
-0.00083412
-0.00055951
-0.00057024
-0.00057938
-0.00065312
-0.00066343
-0.00064162
-0.00037763
-0.00037518
-0.00039148
-0.00047563
-0.00047323
-0.00045679
-0.00011117
-0.00011825
-0.00011983
-0.00144625
-0.00145113
-0.00140428
-0.00014566
-0.00015271
-0.00014280
-0.00119773
-0.00120320
-0.00123890
-0.00041068
-0.00041749
-0.00042909
-0.00050812
-0.00051480
-0.00049397
-0.00048644
-0.00047667
-0.00049638
-0.00058222
-0.00057271
-0.00056030
-0.00007699
-0.00007447
-0.00008083
-0.00142191
-0.00142009
-0.00137603
-0.00011154
-0.00010902
-0.00010386
-0.00117091
-0.00116890
-0.00120874
-0.00029078
-0.00030094
-0.00030494
-0.00092778
-0.00093621
-0.00090477
-0.00022961
-0.00022261
-0.00023524
-0.00087560
-0.00086951
-0.00084472
-0.00001767
-0.00002020
-0.00002102
-0.00235840
-0.00235946
-0.00228628
-0.00024637
-0.00024885
-0.00023669
-0.00068057
-0.00068288
-0.00070595
-0.00028947
-0.00028252
-0.00027515
-0.00072031
-0.00071393
-0.00074116
-0.00035009
-0.00036013
-0.00034442
-0.00077511
-0.00078406
-0.00080322
-0.00003344
-0.00003596
-0.00003152
-0.00195271
-0.00195414
-0.00201612
-0.00018621
-0.00018871
-0.00019661
-0.00083747
-0.00083969
-0.00081046
-0.00047667
-0.00048644
-0.00049638
-0.00057271
-0.00058222
-0.00056030
-0.00041749
-0.00041068
-0.00042909
-0.00051480
-0.00050812
-0.00049397
-0.00007447
-0.00007699
-0.00008083
-0.00142009
-0.00142191
-0.00137603
-0.00010902
-0.00011154
-0.00010386
-0.00116890
-0.00117091
-0.00120874
-0.00037518
-0.00037763
-0.00039148
-0.00047323
-0.00047563
-0.00045679
-0.00057024
-0.00055951
-0.00057938
-0.00066343
-0.00065312
-0.00064162
-0.00011825
-0.00011117
-0.00011983
-0.00145113
-0.00144625
-0.00140428
-0.00015271
-0.00014566
-0.00014280
-0.00120320
-0.00119773
-0.00123890
-0.00022261
-0.00022961
-0.00023524
-0.00086951
-0.00087560
-0.00084472
-0.00030094
-0.00029078
-0.00030494
-0.00093621
-0.00092778
-0.00090477
-0.00002020
-0.00001767
-0.00002102
-0.00235946
-0.00235840
-0.00228628
-0.00024885
-0.00024637
-0.00023669
-0.00068288
-0.00068057
-0.00070595
-0.00036013
-0.00035009
-0.00034442
-0.00078406
-0.00077511
-0.00080322
-0.00028252
-0.00028947
-0.00027515
-0.00071393
-0.00072031
-0.00074116
-0.00003596
-0.00003344
-0.00003152
-0.00195414
-0.00195271
-0.00201612
-0.00018871
-0.00018621
-0.00019661
-0.00083969
-0.00083747
-0.00081046
-0.00041381
-0.00042464
-0.00043081
-0.00076714
-0.00077676
-0.00075063
-0.00028741
-0.00028258
-0.00029678
-0.00065128
-0.00064676
-0.00062682
-0.00005385
-0.00005877
-0.00005982
-0.00184120
-0.00184405
-0.00178584
-0.00018224
-0.00018712
-0.00017624
-0.00090806
-0.00091229
-0.00094074
-0.00028258
-0.00028741
-0.00029678
-0.00064676
-0.00065128
-0.00062682
-0.00042464
-0.00041381
-0.00043081
-0.00077676
-0.00076714
-0.00075063
-0.00005877
-0.00005385
-0.00005982
-0.00184405
-0.00184120
-0.00178584
-0.00018712
-0.00018224
-0.00017624
-0.00091229
-0.00090806
-0.00094074
-0.00019003
-0.00019889
-0.00020141
-0.00114859
-0.00115540
-0.00111723
-0.00019889
-0.00019003
-0.00020141
-0.00115540
-0.00114859
-0.00111723
-0.00000229
-0.00000229
-0.00000306
-0.00302823
-0.00302823
-0.00293524
-0.00034251
-0.00034251
-0.00032857
-0.00050637
-0.00050637
-0.00052552
-0.00042050
-0.00041195
-0.00040250
-0.00058198
-0.00057371
-0.00059675
-0.00041195
-0.00042050
-0.00040250
-0.00057371
-0.00058198
-0.00059675
-0.00006089
-0.00006089
-0.00005619
-0.00151161
-0.00151161
-0.00156096
-0.00011861
-0.00011861
-0.00012556
-0.00109148
-0.00109148
-0.00105591
-0.00049946
-0.00048887
-0.00048074
-0.00065756
-0.00064747
-0.00067105
-0.00035956
-0.00036433
-0.00034806
-0.00052296
-0.00052761
-0.00054438
-0.00008332
-0.00007841
-0.00007619
-0.00152717
-0.00152379
-0.00157455
-0.00014097
-0.00013607
-0.00014548
-0.00110972
-0.00110576
-0.00107236
-0.00036433
-0.00035956
-0.00034806
-0.00052761
-0.00052296
-0.00054438
-0.00048887
-0.00049946
-0.00048074
-0.00064747
-0.00065756
-0.00067105
-0.00007841
-0.00008332
-0.00007619
-0.00152379
-0.00152717
-0.00157455
-0.00013607
-0.00014097
-0.00014548
-0.00110576
-0.00110972
-0.00107236
-0.00024477
-0.00023595
-0.00023200
-0.00096124
-0.00095386
-0.00098768
-0.00023595
-0.00024477
-0.00023200
-0.00095386
-0.00096124
-0.00098768
-0.00000999
-0.00000999
-0.00000819
-0.00250952
-0.00250952
-0.00258967
-0.00026535
-0.00026535
-0.00027716
-0.00063058
-0.00063058
-0.00060828
-0.00033560
-0.00034429
-0.00035168
-0.00069607
-0.00070405
-0.00067818
-0.00034429
-0.00033560
-0.00035168
-0.00070405
-0.00069607
-0.00067818
-0.00003631
-0.00003631
-0.00003982
-0.00183074
-0.00183074
-0.00177358
-0.00016484
-0.00016484
-0.00015636
-0.00089291
-0.00089291
-0.00092361
