192 1
6.66629188
-0.99997966
5.66698912
1.99166236
1.99262436
24.65875288
6.64403901
-1.13567488
7.30434618
2.16766631
2.35612903
28.07574610
-0.00010724
-0.00028632
0.00033842
-0.00626145
-0.00566979
-0.00542745
0.00031484
0.00013762
-0.00052001
-0.00793573
-0.00903123
-0.00879639
6.66649503
-0.99998569
5.66678141
1.99852029
1.99888208
24.66529910
10.95464978
-1.87243505
12.04232001
3.56715114
3.87659274
46.28174392
-0.00002235
0.00016336
-0.00018765
-0.00207079
-0.00230597
-0.00255465
-0.00054233
-0.00039955
0.00085237
-0.01886638
-0.01693987
-0.01714106
-0.00010724
0.00033842
-0.00028632
-0.00542745
-0.00566979
-0.00626145
0.00031484
-0.00052001
0.00013762
-0.00879639
-0.00903123
-0.00793573
6.66629188
5.66698912
-0.99997966
24.65875288
1.99262436
1.99166236
6.64403901
7.30434618
-1.13567488
28.07574610
2.35612903
2.16766631
6.66649503
5.66678141
-0.99998569
24.66529910
1.99888208
1.99852029
10.95464978
12.04232001
-1.87243505
46.28174392
3.87659274
3.56715114
-0.00002235
-0.00018765
0.00016336
-0.00255465
-0.00230597
-0.00207079
-0.00054233
0.00085237
-0.00039955
-0.01714106
-0.01693987
-0.01886638
5.66686964
6.66637996
-0.99995452
24.66273687
1.99586506
1.99651778
9.37879309
8.53129631
-1.45826592
36.04802935
2.78157909
3.02310432
5.66686964
-0.99995452
6.66637996
1.99651778
1.99586506
24.66273687
9.37879309
-1.45826592
8.53129631
3.02310432
2.78157909
36.04802935
11.33337703
5.66662312
5.66662312
26.66649218
3.99973725
26.66649218
30.92654230
11.66123325
11.66123325
64.42828809
9.18199066
64.42828809
-0.00031932
0.00013078
0.00013078
-0.00458144
-0.00397362
-0.00458144
0.00054106
-0.00030653
-0.00030653
-0.00967850
-0.01082644
-0.00967850
0.00030230
-0.00002806
-0.00031957
-0.00515561
-0.00597694
-0.00553677
-0.00014550
-0.00044040
0.00052816
-0.01190982
-0.01098419
-0.01057856
-0.00002806
0.00030230
-0.00031957
-0.00515561
-0.00553677
-0.00597694
-0.00044040
-0.00014550
0.00052816
-0.01190982
-0.01057856
-0.01098419
0.00002453
0.00002453
-0.00009429
-0.00053261
-0.00071663
-0.00071663
-0.00075041
-0.00075041
0.00137128
-0.03112297
-0.02816806
-0.02816806
-0.00012938
-0.00012938
0.00020835
-0.00294324
-0.00251084
-0.00251084
0.00037338
0.00037338
-0.00083984
-0.01351548
-0.01508491
-0.01508491
