384 1
4.99763882
0.99772367
3.99779464
5.21240051
1.06266135
4.36897421
-0.00156098
-0.00158040
-0.00145002
-0.00182252
-0.00184178
-0.00197387
4.99948896
0.99954542
3.99955921
8.59245465
1.75059446
7.20169388
-0.00060294
-0.00054656
-0.00062497
-0.00498230
-0.00493981
-0.00465890
-0.00174748
-0.00169333
-0.00160087
-0.00200692
-0.00195332
-0.00212123
-0.00194956
-0.00202706
-0.00187114
-0.00220590
-0.00228236
-0.00238370
-0.00031743
-0.00033751
-0.00028499
-0.00550354
-0.00551848
-0.00587753
-0.00040960
-0.00042967
-0.00046962
-0.00483342
-0.00484913
-0.00453532
4.99873731
0.99881816
3.99884994
6.69254853
1.36413956
5.60950169
-0.00091677
-0.00097259
-0.00087107
-0.00335923
-0.00340842
-0.00360990
4.99990184
0.99992196
3.99993050
11.03101775
2.24585298
9.24509520
-0.00096119
-0.00094134
-0.00103798
-0.00283830
-0.00282006
-0.00263703
-0.00107662
-0.00113222
-0.00119109
-0.00294407
-0.00299442
-0.00277916
-0.00142048
-0.00134010
-0.00146664
-0.00325135
-0.00318088
-0.00303028
-0.00014020
-0.00012008
-0.00015371
-0.00807759
-0.00806693
-0.00758071
-0.00080079
-0.00078087
-0.00071656
-0.00325649
-0.00323863
-0.00347539
-0.00194956
-0.00187114
-0.00202706
-0.00220590
-0.00238370
-0.00228236
-0.00174748
-0.00160087
-0.00169333
-0.00200692
-0.00212123
-0.00195332
-0.00031743
-0.00028499
-0.00033751
-0.00550354
-0.00587753
-0.00551848
-0.00040960
-0.00046962
-0.00042967
-0.00483342
-0.00453532
-0.00484913
-0.00156098
-0.00145002
-0.00158040
-0.00182252
-0.00197387
-0.00184178
4.99763882
3.99779464
0.99772367
5.21240051
4.36897421
1.06266135
4.99948896
3.99955921
0.99954542
8.59245465
7.20169388
1.75059446
-0.00060294
-0.00062497
-0.00054656
-0.00498230
-0.00465890
-0.00493981
-0.00091677
-0.00087107
-0.00097259
-0.00335923
-0.00360990
-0.00340842
4.99873731
3.99884994
0.99881816
6.69254853
5.60950169
1.36413956
4.99990184
3.99993050
0.99992196
11.03101775
9.24509520
2.24585298
-0.00096119
-0.00103798
-0.00094134
-0.00283830
-0.00263703
-0.00282006
-0.00142048
-0.00146664
-0.00134010
-0.00325135
-0.00303028
-0.00318088
-0.00107662
-0.00119109
-0.00113222
-0.00294407
-0.00277916
-0.00299442
-0.00014020
-0.00015371
-0.00012008
-0.00807759
-0.00758071
-0.00806693
-0.00080079
-0.00071656
-0.00078087
-0.00325649
-0.00347539
-0.00323863
3.99836605
4.99823193
0.99831787
4.95058174
5.90633667
1.20404964
-0.00109664
-0.00117221
-0.00121065
-0.00269171
-0.00249415
-0.00253045
3.99978661
4.99973725
0.99977652
8.15975614
9.73575866
1.98289371
-0.00077573
-0.00072853
-0.00068953
-0.00352718
-0.00378505
-0.00375181
-0.00109664
-0.00121065
-0.00117221
-0.00269171
-0.00253045
-0.00249415
3.99836605
0.99831787
4.99823193
4.95058174
1.20404964
5.90633667
3.99978661
0.99977652
4.99973725
8.15975614
1.98289371
9.73575866
-0.00077573
-0.00068953
-0.00072853
-0.00352718
-0.00375181
-0.00378505
3.99924732
4.99915598
0.99922664
6.35599759
7.58329327
1.54539295
3.99924732
0.99922664
4.99915598
6.35599759
1.54539295
7.58329327
7.99999185
5.99998370
5.99998370
20.96171017
15.05365969
15.05365969
-0.00143040
-0.00131909
-0.00131909
-0.00195464
-0.00210723
-0.00210723
-0.00172413
-0.00157916
-0.00164772
-0.00224116
-0.00235796
-0.00242339
-0.00172413
-0.00164772
-0.00157916
-0.00224116
-0.00242339
-0.00235796
-0.00026480
-0.00022897
-0.00022897
-0.00586304
-0.00625092
-0.00625092
-0.00044947
-0.00050657
-0.00050657
-0.00451906
-0.00422997
-0.00422997
-0.00188246
-0.00196747
-0.00203437
-0.00264659
-0.00272620
-0.00254094
-0.00141580
-0.00137759
-0.00150788
-0.00220067
-0.00216385
-0.00203043
-0.00028899
-0.00032824
-0.00034460
-0.00629181
-0.00631780
-0.00591949
-0.00056637
-0.00060545
-0.00052908
-0.00427929
-0.00431145
-0.00458315
-0.00137759
-0.00141580
-0.00150788
-0.00216385
-0.00220067
-0.00203043
-0.00196747
-0.00188246
-0.00203437
-0.00272620
-0.00264659
-0.00254094
-0.00032824
-0.00028899
-0.00034460
-0.00631780
-0.00629181
-0.00591949
-0.00060545
-0.00056637
-0.00052908
-0.00431145
-0.00427929
-0.00458315
-0.00089588
-0.00096633
-0.00099792
-0.00392614
-0.00398396
-0.00371804
-0.00096633
-0.00089588
-0.00099792
-0.00398396
-0.00392614
-0.00371804
-0.00003684
-0.00003684
-0.00004928
-0.01036763
-0.01036763
-0.00974038
-0.00111329
-0.00111329
-0.00101807
-0.00243853
-0.00243853
-0.00261848
-0.00144453
-0.00137545
-0.00131651
-0.00274881
-0.00268450
-0.00289432
-0.00137545
-0.00144453
-0.00131651
-0.00268450
-0.00274881
-0.00289432
-0.00016343
-0.00016343
-0.00013350
-0.00710213
-0.00710213
-0.00756906
-0.00062988
-0.00062988
-0.00069650
-0.00370033
-0.00370033
-0.00345770
