48 1
6.66403364
-1.00018270
5.66882768
1.97386292
1.98041723
24.64366845
6.56872634
-1.29415779
9.35668941
2.33997368
2.76311545
32.02537803
6.66403364
5.66882768
-1.00018270
24.64366845
1.98041723
1.97386292
6.56872634
9.35668941
-1.29415779
32.02537803
2.76311545
2.33997368
11.33404669
5.66596282
5.66596282
26.66383225
3.99568138
26.66383225
30.85645775
8.69513419
8.69513419
57.39012361
7.74336949
57.39012361
0.00054135
0.00054135
-0.00191253
-0.00911715
-0.01260936
-0.01260936
-0.00343117
-0.00343117
0.00557365
-0.06804878
-0.05538499
-0.05538499
