96 1
4.99149950
0.99216370
3.99267774
5.43354520
1.12622279
4.76943375
-0.00595169
-0.00625194
-0.00521020
-0.00805122
-0.00834586
-0.00943382
4.99840473
0.99871549
3.99887199
8.95185176
1.84943689
7.85528438
-0.00233507
-0.00202502
-0.00261796
-0.01854605
-0.01830268
-0.01618810
-0.00595169
-0.00521020
-0.00625194
-0.00805122
-0.00943382
-0.00834586
4.99149950
3.99267774
0.99216370
5.43354520
4.76943375
1.12622279
4.99840473
3.99887199
0.99871549
8.95185176
7.85528438
1.84943689
-0.00233507
-0.00261796
-0.00202502
-0.01854605
-0.01618810
-0.01830268
3.99649696
4.99568092
0.99623689
6.12181737
6.97514061
1.44407578
3.99649696
0.99623689
4.99568092
6.12181737
1.44407578
6.97514061
7.99986921
5.99973783
5.99973783
20.19773094
13.89110493
13.89110493
-0.00490075
-0.00414675
-0.00414675
-0.00913744
-0.01055899
-0.01055899
-0.00504390
-0.00559434
-0.00607643
-0.01138969
-0.01188741
-0.01025322
-0.00559434
-0.00504390
-0.00607643
-0.01188741
-0.01138969
-0.01025322
-0.00060009
-0.00060009
-0.00081092
-0.03039592
-0.03039592
-0.02679679
-0.00285642
-0.00285642
-0.00230249
-0.01392681
-0.01392681
-0.01592475
