768 1
6.66661833
-0.99999766
5.66671098
1.99765816
1.99778450
24.66438281
6.66123726
-1.06513562
6.43904588
2.08346294
2.17213102
26.30892333
-0.00001959
-0.00003121
0.00004702
-0.00159355
-0.00150483
-0.00148924
0.00003279
0.00002122
-0.00005818
-0.00180262
-0.00192337
-0.00190800
6.66664041
-0.99999241
5.66668284
1.99951000
1.99956566
24.66618710
10.98257914
-1.75611440
10.61613548
3.43368826
3.57972946
43.37464987
-0.00000782
0.00002600
-0.00002080
-0.00056352
-0.00058161
-0.00062673
-0.00007446
-0.00004927
0.00011799
-0.00502150
-0.00475959
-0.00479420
-0.00004118
-0.00000878
0.00004660
-0.00174338
-0.00162572
-0.00166921
0.00001097
0.00004319
-0.00005789
-0.00195106
-0.00204195
-0.00208472
-0.00000099
-0.00004733
0.00004573
-0.00201142
-0.00194802
-0.00188572
0.00005011
0.00000412
-0.00005720
-0.00221599
-0.00235697
-0.00229604
-0.00000358
-0.00001562
0.00001632
-0.00033443
-0.00030936
-0.00029327
0.00007597
0.00006691
-0.00015024
-0.00543761
-0.00573316
-0.00572141
0.00001489
0.00000285
-0.00002074
-0.00040813
-0.00045691
-0.00044085
-0.00005819
-0.00006751
0.00011944
-0.00490209
-0.00466114
-0.00464838
6.66662735
-0.99999089
5.66669476
1.99876382
1.99885427
24.66545609
8.55321837
-1.36766385
8.26787934
2.67490376
2.78870306
33.78098861
0.00000102
-0.00003243
0.00002859
-0.00095829
-0.00092204
-0.00087729
0.00005871
0.00002905
-0.00009266
-0.00333817
-0.00353676
-0.00349771
6.66665585
-0.99999876
5.66667354
1.99990975
1.99993168
24.66658223
14.10194913
-2.25488279
13.63133472
4.40703441
4.59443712
55.69215990
0.00001018
0.00002209
-0.00003570
-0.00093253
-0.00099433
-0.00101021
-0.00004529
-0.00003441
0.00007497
-0.00286665
-0.00270466
-0.00271935
0.00003300
-0.00000037
-0.00003566
-0.00108602
-0.00117766
-0.00113321
-0.00002421
-0.00005425
0.00007420
-0.00300667
-0.00287367
-0.00283306
-0.00000756
0.00004070
-0.00003546
-0.00136255
-0.00139907
-0.00146328
-0.00005901
-0.00001701
0.00007260
-0.00325332
-0.00307441
-0.00313136
-0.00000240
0.00000967
-0.00001003
-0.00012386
-0.00013563
-0.00015174
-0.00010344
-0.00009724
0.00019187
-0.00817126
-0.00776813
-0.00777703
-0.00002199
-0.00001005
0.00002883
-0.00080424
-0.00073740
-0.00075337
0.00003864
0.00004941
-0.00009342
-0.00320119
-0.00337487
-0.00338907
-0.00000099
0.00004573
-0.00004733
-0.00188572
-0.00194802
-0.00201142
0.00005011
-0.00005720
0.00000412
-0.00229604
-0.00235697
-0.00221599
-0.00004118
0.00004660
-0.00000878
-0.00166921
-0.00162572
-0.00174338
0.00001097
-0.00005789
0.00004319
-0.00208472
-0.00204195
-0.00195106
-0.00000358
0.00001632
-0.00001562
-0.00029327
-0.00030936
-0.00033443
0.00007597
-0.00015024
0.00006691
-0.00572141
-0.00573316
-0.00543761
0.00001489
-0.00002074
0.00000285
-0.00044085
-0.00045691
-0.00040813
-0.00005819
0.00011944
-0.00006751
-0.00464838
-0.00466114
-0.00490209
-0.00001959
0.00004702
-0.00003121
-0.00148924
-0.00150483
-0.00159355
0.00003279
-0.00005818
0.00002122
-0.00190800
-0.00192337
-0.00180262
6.66661833
5.66671098
-0.99999766
24.66438281
1.99778450
1.99765816
6.66123726
6.43904588
-1.06513562
26.30892333
2.17213102
2.08346294
6.66664041
5.66668284
-0.99999241
24.66618710
1.99956566
1.99951000
10.98257914
10.61613548
-1.75611440
43.37464987
3.57972946
3.43368826
-0.00000782
-0.00002080
0.00002600
-0.00062673
-0.00058161
-0.00056352
-0.00007446
0.00011799
-0.00004927
-0.00479420
-0.00475959
-0.00502150
0.00000102
0.00002859
-0.00003243
-0.00087729
-0.00092204
-0.00095829
0.00005871
-0.00009266
0.00002905
-0.00349771
-0.00353676
-0.00333817
6.66662735
5.66669476
-0.99999089
24.66545609
1.99885427
1.99876382
8.55321837
8.26787934
-1.36766385
33.78098861
2.78870306
2.67490376
6.66665585
5.66667354
-0.99999876
24.66658223
1.99993168
1.99990975
14.10194913
13.63133472
-2.25488279
55.69215990
4.59443712
4.40703441
0.00001018
-0.00003570
0.00002209
-0.00101021
-0.00099433
-0.00093253
-0.00004529
0.00007497
-0.00003441
-0.00271935
-0.00270466
-0.00286665
-0.00000756
-0.00003546
0.00004070
-0.00146328
-0.00139907
-0.00136255
-0.00005901
0.00007260
-0.00001701
-0.00313136
-0.00307441
-0.00325332
0.00003300
-0.00003566
-0.00000037
-0.00113321
-0.00117766
-0.00108602
-0.00002421
0.00007420
-0.00005425
-0.00283306
-0.00287367
-0.00300667
-0.00000240
-0.00001003
0.00000967
-0.00015174
-0.00013563
-0.00012386
-0.00010344
0.00019187
-0.00009724
-0.00777703
-0.00776813
-0.00817126
-0.00002199
0.00002883
-0.00001005
-0.00075337
-0.00073740
-0.00080424
0.00003864
-0.00009342
0.00004941
-0.00338907
-0.00337487
-0.00320119
5.66670223
6.66662223
-0.99999301
24.66496264
1.99825675
1.99836501
7.29638689
7.54817932
-1.20695808
29.81181575
2.36078178
2.46123366
0.00003689
-0.00000859
-0.00003161
-0.00111811
-0.00120914
-0.00114894
-0.00007359
0.00004545
0.00002361
-0.00260367
-0.00247553
-0.00263259
5.66667796
6.66664793
-0.99999519
24.66642626
1.99975238
1.99979104
12.02963561
12.44490961
-1.98993434
49.14911575
3.89011005
4.05554604
-0.00002753
0.00000055
0.00002394
-0.00076380
-0.00069436
-0.00073260
0.00009418
-0.00005959
-0.00003979
-0.00363481
-0.00381611
-0.00360792
0.00003689
-0.00003161
-0.00000859
-0.00114894
-0.00120914
-0.00111811
-0.00007359
0.00002361
0.00004545
-0.00263259
-0.00247553
-0.00260367
5.66670223
-0.99999301
6.66662223
1.99836501
1.99825675
24.66496264
7.29638689
-1.20695808
7.54817932
2.46123366
2.36078178
29.81181575
5.66667796
-0.99999519
6.66664793
1.99979104
1.99975238
24.66642626
12.02963561
-1.98993434
12.44490961
4.05554604
3.89011005
49.14911575
-0.00002753
0.00002394
0.00000055
-0.00073260
-0.00069436
-0.00076380
0.00009418
-0.00003979
-0.00005959
-0.00360792
-0.00381611
-0.00363481
5.66668837
6.66663348
-0.99999083
24.66586397
1.99918102
1.99925394
9.36872160
9.69207892
-1.54976659
38.27849627
3.03070078
3.15961830
5.66668837
-0.99999083
6.66663348
1.99925394
1.99918102
24.66586397
9.36872160
-1.54976659
9.69207892
3.15961830
3.03070078
38.27849627
11.33333605
5.66666395
5.66666395
26.66665580
3.99998369
26.66665580
30.89289163
13.42437043
13.42437043
68.32300375
9.99652610
68.32300375
-0.00004575
0.00002097
0.00002097
-0.00138464
-0.00129548
-0.00138464
0.00005950
-0.00003188
-0.00003188
-0.00201414
-0.00213656
-0.00201414
-0.00004543
0.00004181
0.00000062
-0.00165132
-0.00159061
-0.00170607
0.00005836
-0.00001133
-0.00005042
-0.00227319
-0.00242008
-0.00232586
-0.00004543
0.00000062
0.00004181
-0.00170607
-0.00159061
-0.00165132
0.00005836
-0.00005042
-0.00001133
-0.00232586
-0.00242008
-0.00227319
-0.00001499
0.00000604
0.00000604
-0.00024981
-0.00022023
-0.00024981
0.00015141
-0.00007943
-0.00007943
-0.00601445
-0.00632852
-0.00601445
0.00002208
-0.00001257
-0.00001257
-0.00047155
-0.00051645
-0.00047155
-0.00011852
0.00005610
0.00005610
-0.00440054
-0.00417160
-0.00440054
0.00004689
-0.00000422
-0.00004483
-0.00190307
-0.00202343
-0.00195564
-0.00000591
-0.00005342
0.00005684
-0.00271569
-0.00262988
-0.00256567
0.00000957
0.00003252
-0.00004569
-0.00137328
-0.00144693
-0.00147746
-0.00004263
-0.00002062
0.00005922
-0.00221163
-0.00207485
-0.00210445
0.00001793
-0.00000560
-0.00001504
-0.00030000
-0.00034527
-0.00031385
-0.00007114
-0.00008645
0.00015043
-0.00638210
-0.00608060
-0.00605925
-0.00000072
-0.00002414
0.00002199
-0.00059590
-0.00056671
-0.00053541
0.00006568
0.00004624
-0.00011796
-0.00423746
-0.00447792
-0.00445247
0.00003252
0.00000957
-0.00004569
-0.00137328
-0.00147746
-0.00144693
-0.00002062
-0.00004263
0.00005922
-0.00221163
-0.00210445
-0.00207485
-0.00000422
0.00004689
-0.00004483
-0.00190307
-0.00195564
-0.00202343
-0.00005342
-0.00000591
0.00005684
-0.00271569
-0.00256567
-0.00262988
-0.00000560
0.00001793
-0.00001504
-0.00030000
-0.00031385
-0.00034527
-0.00008645
-0.00007114
0.00015043
-0.00638210
-0.00605925
-0.00608060
-0.00002414
-0.00000072
0.00002199
-0.00059590
-0.00053541
-0.00056671
0.00004624
0.00006568
-0.00011796
-0.00423746
-0.00445247
-0.00447792
0.00003366
-0.00000861
-0.00002753
-0.00091688
-0.00099856
-0.00094222
-0.00003134
-0.00006573
0.00009257
-0.00400241
-0.00383405
-0.00378719
-0.00000861
0.00003366
-0.00002753
-0.00091688
-0.00094222
-0.00099856
-0.00006573
-0.00003134
0.00009257
-0.00400241
-0.00378719
-0.00383405
0.00000140
0.00000140
-0.00000554
-0.00003273
-0.00004374
-0.00004374
-0.00012778
-0.00012778
0.00024479
-0.01049453
-0.00998518
-0.00998518
-0.00002028
-0.00002028
0.00003704
-0.00113091
-0.00105511
-0.00105511
0.00003453
0.00003453
-0.00007382
-0.00240148
-0.00254465
-0.00254465
-0.00004024
0.00000111
0.00003641
-0.00142792
-0.00132521
-0.00138065
0.00001511
0.00005383
-0.00007281
-0.00268075
-0.00279592
-0.00284710
0.00000111
-0.00004024
0.00003641
-0.00142792
-0.00138065
-0.00132521
0.00005383
0.00001511
-0.00007281
-0.00268075
-0.00284710
-0.00279592
-0.00000709
-0.00000709
0.00001136
-0.00016782
-0.00014487
-0.00014487
0.00009126
0.00009126
-0.00019142
-0.00700914
-0.00737764
-0.00737764
0.00001214
0.00001214
-0.00002751
-0.00061506
-0.00066899
-0.00066899
-0.00005008
-0.00005008
0.00009470
-0.00374811
-0.00355240
-0.00355240
