3072 1
6.66666058
-0.99999982
5.66667248
1.99938170
1.99939777
24.66605603
6.66533719
-1.03190501
6.04185753
2.04168297
2.08466779
25.47285862
-0.00000285
-0.00000359
0.00000619
-0.00040656
-0.00039449
-0.00039351
0.00000368
0.00000295
-0.00000689
-0.00043268
-0.00044676
-0.00044579
6.66666311
-0.99999874
5.66666882
1.99985854
1.99986610
24.66652634
10.98928983
-1.70132394
9.96133237
3.36586297
3.43671533
41.99733213
-0.00000126
0.00000355
-0.00000244
-0.00015063
-0.00015225
-0.00015867
-0.00000970
-0.00000619
0.00001553
-0.00129744
-0.00126344
-0.00126818
-0.00000546
-0.00000087
0.00000612
-0.00046215
-0.00044664
-0.00045279
0.00000102
0.00000560
-0.00000683
-0.00048801
-0.00049841
-0.00050450
-0.00000039
-0.00000586
0.00000607
-0.00049588
-0.00048720
-0.00047988
0.00000602
0.00000057
-0.00000678
-0.00052155
-0.00053852
-0.00053127
-0.00000080
-0.00000156
0.00000217
-0.00008358
-0.00007972
-0.00007871
0.00000893
0.00000835
-0.00001773
-0.00132068
-0.00135588
-0.00135512
0.00000151
0.00000075
-0.00000244
-0.00009279
-0.00009814
-0.00009713
-0.00000782
-0.00000840
0.00001581
-0.00125373
-0.00122195
-0.00122116
6.66666157
-0.99999873
5.66667037
1.99966302
1.99967480
24.66633297
8.55846476
-1.32499248
7.75789635
2.62150786
2.67669522
32.70773019
-0.00000020
-0.00000377
0.00000378
-0.00023370
-0.00022843
-0.00022365
0.00000694
0.00000373
-0.00001098
-0.00080071
-0.00082443
-0.00082018
6.66666498
-0.99999944
5.66666762
1.99996984
1.99997325
24.66663692
14.11053218
-2.18454180
12.79059771
4.32139966
4.41236150
53.92517799
0.00000090
0.00000312
-0.00000422
-0.00023030
-0.00023717
-0.00024013
-0.00000610
-0.00000408
0.00000987
-0.00074158
-0.00072016
-0.00072287
0.00000380
0.00000023
-0.00000422
-0.00024968
-0.00026039
-0.00025563
-0.00000344
-0.00000667
0.00000983
-0.00075918
-0.00074137
-0.00073704
-0.00000116
0.00000519
-0.00000417
-0.00035270
-0.00035667
-0.00036512
-0.00000758
-0.00000215
0.00000952
-0.00085023
-0.00082717
-0.00083448
-0.00000063
0.00000161
-0.00000115
-0.00003436
-0.00003515
-0.00003814
-0.00001353
-0.00001241
0.00002538
-0.00209660
-0.00204408
-0.00204564
-0.00000311
-0.00000089
0.00000379
-0.00021429
-0.00020513
-0.00020810
0.00000435
0.00000635
-0.00001102
-0.00078330
-0.00080366
-0.00080632
-0.00000611
-0.00000005
0.00000600
-0.00053452
-0.00051825
-0.00052636
0.00000026
0.00000629
-0.00000672
-0.00055994
-0.00056914
-0.00057715
-0.00000146
-0.00000493
0.00000616
-0.00043512
-0.00042495
-0.00042031
0.00000504
0.00000158
-0.00000686
-0.00046112
-0.00047694
-0.00047234
-0.00000229
-0.00000005
0.00000217
-0.00009362
-0.00008776
-0.00009075
0.00000777
0.00000947
-0.00001768
-0.00132826
-0.00136187
-0.00136409
0.00000001
0.00000225
-0.00000244
-0.00010283
-0.00010617
-0.00010916
-0.00000894
-0.00000722
0.00001576
-0.00126150
-0.00122825
-0.00123057
-0.00000429
-0.00000213
0.00000618
-0.00041625
-0.00040228
-0.00040516
0.00000224
0.00000439
-0.00000688
-0.00044234
-0.00045447
-0.00045734
0.00000014
-0.00000618
0.00000592
-0.00057605
-0.00056823
-0.00055975
0.00000640
0.00000011
-0.00000664
-0.00060113
-0.00061834
-0.00060999
0.00000065
-0.00000297
0.00000216
-0.00011323
-0.00011128
-0.00010646
0.00000992
0.00000724
-0.00001758
-0.00134283
-0.00137910
-0.00137559
0.00000294
-0.00000067
-0.00000244
-0.00012242
-0.00012967
-0.00012485
-0.00000667
-0.00000938
0.00001567
-0.00127645
-0.00124638
-0.00124271
-0.00000434
0.00000041
0.00000376
-0.00026159
-0.00025079
-0.00025714
0.00000321
0.00000741
-0.00001090
-0.00082548
-0.00084413
-0.00084970
0.00000091
-0.00000479
0.00000374
-0.00029659
-0.00029281
-0.00028520
0.00000775
0.00000280
-0.00001080
-0.00085606
-0.00088055
-0.00087400
-0.00000018
-0.00000094
0.00000095
-0.00002010
-0.00001869
-0.00001768
0.00001422
0.00001385
-0.00002871
-0.00219957
-0.00225610
-0.00225563
0.00000238
0.00000163
-0.00000423
-0.00022036
-0.00022922
-0.00022822
-0.00000476
-0.00000545
0.00000990
-0.00073250
-0.00071285
-0.00071193
0.00000486
-0.00000082
-0.00000419
-0.00031243
-0.00032448
-0.00031690
-0.00000245
-0.00000744
0.00000965
-0.00081521
-0.00079891
-0.00079222
-0.00000036
0.00000439
-0.00000421
-0.00027752
-0.00028266
-0.00028898
-0.00000713
-0.00000289
0.00000975
-0.00078423
-0.00076156
-0.00076724
0.00000087
0.00000011
-0.00000115
-0.00002430
-0.00002709
-0.00002608
-0.00001283
-0.00001322
0.00002546
-0.00209144
-0.00203979
-0.00203925
-0.00000163
-0.00000238
0.00000380
-0.00020433
-0.00019716
-0.00019615
0.00000570
0.00000502
-0.00001105
-0.00077431
-0.00079650
-0.00079560
6.66666100
-0.99999911
5.66667134
1.99953318
1.99954710
24.66620499
7.55281753
-1.16930167
6.84632056
2.31351305
2.36221862
28.86451236
-0.00000144
-0.00000364
0.00000487
-0.00030300
-0.00029462
-0.00029168
0.00000526
0.00000317
-0.00000871
-0.00059292
-0.00061148
-0.00060869
6.66666402
-0.99999903
5.66666818
1.99992462
1.99993010
24.66659193
12.45249886
-1.92785217
11.28766579
3.81384089
3.89412100
47.58902649
-0.00000026
0.00000333
-0.00000325
-0.00017745
-0.00018148
-0.00018628
-0.00000787
-0.00000486
0.00001240
-0.00098766
-0.00096041
-0.00096446
-0.00000429
-0.00000076
0.00000485
-0.00032220
-0.00031001
-0.00031474
0.00000253
0.00000589
-0.00000868
-0.00061115
-0.00062602
-0.00063048
0.00000068
-0.00000556
0.00000474
-0.00042393
-0.00041846
-0.00041012
0.00000702
0.00000126
-0.00000847
-0.00070628
-0.00072674
-0.00071910
0.00000028
-0.00000197
0.00000152
-0.00005574
-0.00005417
-0.00005118
0.00001168
0.00001025
-0.00002246
-0.00171406
-0.00175906
-0.00175719
0.00000265
0.00000041
-0.00000325
-0.00015793
-0.00016586
-0.00016288
-0.00000546
-0.00000735
0.00001247
-0.00097115
-0.00094707
-0.00094453
6.66666229
-0.99999862
5.66666954
1.99977140
1.99978107
24.66644005
9.69801264
-1.50141322
8.79084671
2.97047551
3.03300691
37.06262982
0.00000087
-0.00000392
0.00000289
-0.00019327
-0.00019062
-0.00018422
0.00000867
0.00000478
-0.00001377
-0.00106309
-0.00109271
-0.00108758
6.66666599
-0.99999992
5.66666709
1.99999439
1.99999575
24.66666141
15.98933032
-2.47540856
14.49364173
4.89645831
4.99952257
61.10489529
0.00000222
0.00000296
-0.00000542
-0.00031369
-0.00032390
-0.00032489
-0.00000441
-0.00000370
0.00000784
-0.00055046
-0.00053408
-0.00053503
0.00000493
0.00000025
-0.00000538
-0.00037014
-0.00038386
-0.00037763
-0.00000176
-0.00000621
0.00000773
-0.00060449
-0.00059175
-0.00058580
-0.00000020
0.00000539
-0.00000535
-0.00040450
-0.00041132
-0.00041876
-0.00000657
-0.00000130
0.00000766
-0.00063710
-0.00061798
-0.00062504
0.00000041
0.00000117
-0.00000175
-0.00005223
-0.00005520
-0.00005622
-0.00001051
-0.00001001
0.00002003
-0.00162268
-0.00158152
-0.00158221
-0.00000193
-0.00000117
0.00000291
-0.00013562
-0.00012923
-0.00013024
0.00000648
0.00000712
-0.00001398
-0.00101549
-0.00104255
-0.00104340
0.00000569
-0.00000053
-0.00000531
-0.00044401
-0.00045859
-0.00045031
-0.00000098
-0.00000677
0.00000757
-0.00067424
-0.00066272
-0.00065494
0.00000083
0.00000436
-0.00000540
-0.00034267
-0.00035097
-0.00035567
-0.00000570
-0.00000233
0.00000779
-0.00057827
-0.00056020
-0.00056471
0.00000191
-0.00000033
-0.00000175
-0.00006228
-0.00006726
-0.00006427
-0.00000949
-0.00001096
0.00001997
-0.00162936
-0.00158967
-0.00158767
-0.00000043
-0.00000267
0.00000291
-0.00014563
-0.00014124
-0.00013826
0.00000773
0.00000585
-0.00001395
-0.00102389
-0.00105255
-0.00105007
0.00000369
0.00000150
-0.00000541
-0.00032352
-0.00033567
-0.00033275
-0.00000299
-0.00000509
0.00000782
-0.00055991
-0.00054544
-0.00054263
-0.00000070
0.00000584
-0.00000526
-0.00048666
-0.00049263
-0.00050132
-0.00000680
-0.00000080
0.00000745
-0.00071385
-0.00069463
-0.00070269
-0.00000101
0.00000261
-0.00000176
-0.00008192
-0.00008298
-0.00008781
-0.00001130
-0.00000900
0.00001984
-0.00164211
-0.00160011
-0.00160324
-0.00000334
0.00000026
0.00000290
-0.00016517
-0.00015690
-0.00016170
0.00000527
0.00000826
-0.00001388
-0.00104013
-0.00106544
-0.00106938
0.00000394
-0.00000085
-0.00000325
-0.00020552
-0.00021512
-0.00020874
-0.00000434
-0.00000827
0.00001230
-0.00101104
-0.00098865
-0.00098336
-0.00000133
0.00000442
-0.00000324
-0.00024079
-0.00024334
-0.00025100
-0.00000851
-0.00000393
0.00001216
-0.00103970
-0.00101185
-0.00101803
-0.00000016
0.00000060
-0.00000060
-0.00000766
-0.00000835
-0.00000936
-0.00001670
-0.00001647
0.00003247
-0.00268884
-0.00262241
-0.00262275
-0.00000292
-0.00000218
0.00000487
-0.00029314
-0.00028278
-0.00028378
0.00000386
0.00000458
-0.00000873
-0.00058354
-0.00060026
-0.00060120
-0.00000528
0.00000033
0.00000479
-0.00038425
-0.00037078
-0.00037827
0.00000155
0.00000679
-0.00000857
-0.00066950
-0.00068286
-0.00068982
-0.00000016
-0.00000485
0.00000482
-0.00034976
-0.00034310
-0.00033684
0.00000641
0.00000198
-0.00000863
-0.00063718
-0.00065710
-0.00065123
-0.00000123
-0.00000047
0.00000153
-0.00004568
-0.00004211
-0.00004312
0.00001075
0.00001124
-0.00002253
-0.00170764
-0.00175153
-0.00175217
0.00000115
0.00000191
-0.00000325
-0.00014793
-0.00015387
-0.00015488
-0.00000675
-0.00000610
0.00001250
-0.00096261
-0.00093676
-0.00093763
0.00000014
0.00000592
-0.00000618
-0.00055975
-0.00056823
-0.00057605
0.00000640
-0.00000664
0.00000011
-0.00060999
-0.00061834
-0.00060113
-0.00000429
0.00000618
-0.00000213
-0.00040516
-0.00040228
-0.00041625
0.00000224
-0.00000688
0.00000439
-0.00045734
-0.00045447
-0.00044234
0.00000065
0.00000216
-0.00000297
-0.00010646
-0.00011128
-0.00011323
0.00000992
-0.00001758
0.00000724
-0.00137559
-0.00137910
-0.00134283
0.00000294
-0.00000244
-0.00000067
-0.00012485
-0.00012967
-0.00012242
-0.00000667
0.00001567
-0.00000938
-0.00124271
-0.00124638
-0.00127645
-0.00000146
0.00000616
-0.00000493
-0.00042031
-0.00042495
-0.00043512
0.00000504
-0.00000686
0.00000158
-0.00047234
-0.00047694
-0.00046112
-0.00000611
0.00000600
-0.00000005
-0.00052636
-0.00051825
-0.00053452
0.00000026
-0.00000672
0.00000629
-0.00057715
-0.00056914
-0.00055994
-0.00000229
0.00000217
-0.00000005
-0.00009075
-0.00008776
-0.00009362
0.00000777
-0.00001768
0.00000947
-0.00136409
-0.00136187
-0.00132826
0.00000001
-0.00000244
0.00000225
-0.00010916
-0.00010617
-0.00010283
-0.00000894
0.00001576
-0.00000722
-0.00123057
-0.00122825
-0.00126150
0.00000091
0.00000374
-0.00000479
-0.00028520
-0.00029281
-0.00029659
0.00000775
-0.00001080
0.00000280
-0.00087400
-0.00088055
-0.00085606
-0.00000434
0.00000376
0.00000041
-0.00025714
-0.00025079
-0.00026159
0.00000321
-0.00001090
0.00000741
-0.00084970
-0.00084413
-0.00082548
-0.00000018
0.00000095
-0.00000094
-0.00001768
-0.00001869
-0.00002010
0.00001422
-0.00002871
0.00001385
-0.00225563
-0.00225610
-0.00219957
0.00000238
-0.00000423
0.00000163
-0.00022822
-0.00022922
-0.00022036
-0.00000476
0.00000990
-0.00000545
-0.00071193
-0.00071285
-0.00073250
-0.00000036
-0.00000421
0.00000439
-0.00028898
-0.00028266
-0.00027752
-0.00000713
0.00000975
-0.00000289
-0.00076724
-0.00076156
-0.00078423
0.00000486
-0.00000419
-0.00000082
-0.00031690
-0.00032448
-0.00031243
-0.00000245
0.00000965
-0.00000744
-0.00079222
-0.00079891
-0.00081521
0.00000087
-0.00000115
0.00000011
-0.00002608
-0.00002709
-0.00002430
-0.00001283
0.00002546
-0.00001322
-0.00203925
-0.00203979
-0.00209144
-0.00000163
0.00000380
-0.00000238
-0.00019615
-0.00019716
-0.00020433
0.00000570
-0.00001105
0.00000502
-0.00079560
-0.00079650
-0.00077431
-0.00000039
0.00000607
-0.00000586
-0.00047988
-0.00048720
-0.00049588
0.00000602
-0.00000678
0.00000057
-0.00053127
-0.00053852
-0.00052155
-0.00000546
0.00000612
-0.00000087
-0.00045279
-0.00044664
-0.00046215
0.00000102
-0.00000683
0.00000560
-0.00050450
-0.00049841
-0.00048801
-0.00000080
0.00000217
-0.00000156
-0.00007871
-0.00007972
-0.00008358
0.00000893
-0.00001773
0.00000835
-0.00135512
-0.00135588
-0.00132068
0.00000151
-0.00000244
0.00000075
-0.00009713
-0.00009814
-0.00009279
-0.00000782
0.00001581
-0.00000840
-0.00122116
-0.00122195
-0.00125373
-0.00000285
0.00000619
-0.00000359
-0.00039351
-0.00039449
-0.00040656
0.00000368
-0.00000689
0.00000295
-0.00044579
-0.00044676
-0.00043268
6.66666058
5.66667248
-0.99999982
24.66605603
1.99939777
1.99938170
6.66533719
6.04185753
-1.03190501
25.47285862
2.08466779
2.04168297
6.66666311
5.66666882
-0.99999874
24.66652634
1.99986610
1.99985854
10.98928983
9.96133237
-1.70132394
41.99733213
3.43671533
3.36586297
-0.00000126
-0.00000244
0.00000355
-0.00015867
-0.00015225
-0.00015063
-0.00000970
0.00001553
-0.00000619
-0.00126818
-0.00126344
-0.00129744
-0.00000020
0.00000378
-0.00000377
-0.00022365
-0.00022843
-0.00023370
0.00000694
-0.00001098
0.00000373
-0.00082018
-0.00082443
-0.00080071
6.66666157
5.66667037
-0.99999873
24.66633297
1.99967480
1.99966302
8.55846476
7.75789635
-1.32499248
32.70773019
2.67669522
2.62150786
6.66666498
5.66666762
-0.99999944
24.66663692
1.99997325
1.99996984
14.11053218
12.79059771
-2.18454180
53.92517799
4.41236150
4.32139966
0.00000090
-0.00000422
0.00000312
-0.00024013
-0.00023717
-0.00023030
-0.00000610
0.00000987
-0.00000408
-0.00072287
-0.00072016
-0.00074158
-0.00000116
-0.00000417
0.00000519
-0.00036512
-0.00035667
-0.00035270
-0.00000758
0.00000952
-0.00000215
-0.00083448
-0.00082717
-0.00085023
0.00000380
-0.00000422
0.00000023
-0.00025563
-0.00026039
-0.00024968
-0.00000344
0.00000983
-0.00000667
-0.00073704
-0.00074137
-0.00075918
-0.00000063
-0.00000115
0.00000161
-0.00003814
-0.00003515
-0.00003436
-0.00001353
0.00002538
-0.00001241
-0.00204564
-0.00204408
-0.00209660
-0.00000311
0.00000379
-0.00000089
-0.00020810
-0.00020513
-0.00021429
0.00000435
-0.00001102
0.00000635
-0.00080632
-0.00080366
-0.00078330
0.00000068
0.00000474
-0.00000556
-0.00041012
-0.00041846
-0.00042393
0.00000702
-0.00000847
0.00000126
-0.00071910
-0.00072674
-0.00070628
-0.00000429
0.00000485
-0.00000076
-0.00031474
-0.00031001
-0.00032220
0.00000253
-0.00000868
0.00000589
-0.00063048
-0.00062602
-0.00061115
0.00000028
0.00000152
-0.00000197
-0.00005118
-0.00005417
-0.00005574
0.00001168
-0.00002246
0.00001025
-0.00175719
-0.00175906
-0.00171406
0.00000265
-0.00000325
0.00000041
-0.00016288
-0.00016586
-0.00015793
-0.00000546
0.00001247
-0.00000735
-0.00094453
-0.00094707
-0.00097115
-0.00000144
0.00000487
-0.00000364
-0.00029168
-0.00029462
-0.00030300
0.00000526
-0.00000871
0.00000317
-0.00060869
-0.00061148
-0.00059292
6.66666100
5.66667134
-0.99999911
24.66620499
1.99954710
1.99953318
7.55281753
6.84632056
-1.16930167
28.86451236
2.36221862
2.31351305
6.66666402
5.66666818
-0.99999903
24.66659193
1.99993010
1.99992462
12.45249886
11.28766579
-1.92785217
47.58902649
3.89412100
3.81384089
-0.00000026
-0.00000325
0.00000333
-0.00018628
-0.00018148
-0.00017745
-0.00000787
0.00001240
-0.00000486
-0.00096446
-0.00096041
-0.00098766
0.00000087
0.00000289
-0.00000392
-0.00018422
-0.00019062
-0.00019327
0.00000867
-0.00001377
0.00000478
-0.00108758
-0.00109271
-0.00106309
6.66666229
5.66666954
-0.99999862
24.66644005
1.99978107
1.99977140
9.69801264
8.79084671
-1.50141322
37.06262982
3.03300691
2.97047551
6.66666599
5.66666709
-0.99999992
24.66666141
1.99999575
1.99999439
15.98933032
14.49364173
-2.47540856
61.10489529
4.99952257
4.89645831
0.00000222
-0.00000542
0.00000296
-0.00032489
-0.00032390
-0.00031369
-0.00000441
0.00000784
-0.00000370
-0.00053503
-0.00053408
-0.00055046
-0.00000020
-0.00000535
0.00000539
-0.00041876
-0.00041132
-0.00040450
-0.00000657
0.00000766
-0.00000130
-0.00062504
-0.00061798
-0.00063710
0.00000493
-0.00000538
0.00000025
-0.00037763
-0.00038386
-0.00037014
-0.00000176
0.00000773
-0.00000621
-0.00058580
-0.00059175
-0.00060449
0.00000041
-0.00000175
0.00000117
-0.00005622
-0.00005520
-0.00005223
-0.00001051
0.00002003
-0.00001001
-0.00158221
-0.00158152
-0.00162268
-0.00000193
0.00000291
-0.00000117
-0.00013024
-0.00012923
-0.00013562
0.00000648
-0.00001398
0.00000712
-0.00104340
-0.00104255
-0.00101549
-0.00000070
-0.00000526
0.00000584
-0.00050132
-0.00049263
-0.00048666
-0.00000680
0.00000745
-0.00000080
-0.00070269
-0.00069463
-0.00071385
0.00000369
-0.00000541
0.00000150
-0.00033275
-0.00033567
-0.00032352
-0.00000299
0.00000782
-0.00000509
-0.00054263
-0.00054544
-0.00055991
-0.00000101
-0.00000176
0.00000261
-0.00008781
-0.00008298
-0.00008192
-0.00001130
0.00001984
-0.00000900
-0.00160324
-0.00160011
-0.00164211
-0.00000334
0.00000290
0.00000026
-0.00016170
-0.00015690
-0.00016517
0.00000527
-0.00001388
0.00000826
-0.00106938
-0.00106544
-0.00104013
0.00000083
-0.00000540
0.00000436
-0.00035567
-0.00035097
-0.00034267
-0.00000570
0.00000779
-0.00000233
-0.00056471
-0.00056020
-0.00057827
0.00000569
-0.00000531
-0.00000053
-0.00045031
-0.00045859
-0.00044401
-0.00000098
0.00000757
-0.00000677
-0.00065494
-0.00066272
-0.00067424
0.00000191
-0.00000175
-0.00000033
-0.00006427
-0.00006726
-0.00006228
-0.00000949
0.00001997
-0.00001096
-0.00158767
-0.00158967
-0.00162936
-0.00000043
0.00000291
-0.00000267
-0.00013826
-0.00014124
-0.00014563
0.00000773
-0.00001395
0.00000585
-0.00105007
-0.00105255
-0.00102389
-0.00000133
-0.00000324
0.00000442
-0.00025100
-0.00024334
-0.00024079
-0.00000851
0.00001216
-0.00000393
-0.00101803
-0.00101185
-0.00103970
0.00000394
-0.00000325
-0.00000085
-0.00020874
-0.00021512
-0.00020552
-0.00000434
0.00001230
-0.00000827
-0.00098336
-0.00098865
-0.00101104
-0.00000016
-0.00000060
0.00000060
-0.00000936
-0.00000835
-0.00000766
-0.00001670
0.00003247
-0.00001647
-0.00262275
-0.00262241
-0.00268884
-0.00000292
0.00000487
-0.00000218
-0.00028378
-0.00028278
-0.00029314
0.00000386
-0.00000873
0.00000458
-0.00060120
-0.00060026
-0.00058354
-0.00000016
0.00000482
-0.00000485
-0.00033684
-0.00034310
-0.00034976
0.00000641
-0.00000863
0.00000198
-0.00065123
-0.00065710
-0.00063718
-0.00000528
0.00000479
0.00000033
-0.00037827
-0.00037078
-0.00038425
0.00000155
-0.00000857
0.00000679
-0.00068982
-0.00068286
-0.00066950
-0.00000123
0.00000153
-0.00000047
-0.00004312
-0.00004211
-0.00004568
0.00001075
-0.00002253
0.00001124
-0.00175217
-0.00175153
-0.00170764
0.00000115
-0.00000325
0.00000191
-0.00015488
-0.00015387
-0.00014793
-0.00000675
0.00001250
-0.00000610
-0.00093763
-0.00093676
-0.00096261
5.66667189
6.66666077
-0.99999942
24.66613314
1.99946016
1.99947515
6.43152342
7.09521496
-1.09845721
27.11571121
2.17335508
2.21911100
0.00000550
-0.00000213
-0.00000360
-0.00033802
-0.00035013
-0.00033998
-0.00000775
0.00000446
0.00000302
-0.00052159
-0.00050727
-0.00052350
5.66666849
6.66666355
-0.99999887
24.66656172
1.99989420
1.99990072
10.60378194
11.69803911
-1.81104975
44.70584476
3.58286164
3.65828076
-0.00000283
-0.00000078
0.00000345
-0.00016946
-0.00016105
-0.00016382
0.00001388
-0.00000878
-0.00000544
-0.00110800
-0.00113400
-0.00110350
0.00000546
-0.00000488
-0.00000078
-0.00037966
-0.00038799
-0.00037418
-0.00000770
0.00000174
0.00000573
-0.00056190
-0.00054408
-0.00055659
0.00000537
0.00000018
-0.00000571
-0.00044099
-0.00045585
-0.00044887
-0.00000759
0.00000653
0.00000086
-0.00062075
-0.00060960
-0.00062828
0.00000184
-0.00000025
-0.00000176
-0.00006208
-0.00006678
-0.00006410
-0.00001995
0.00001027
0.00000920
-0.00154378
-0.00150530
-0.00154518
-0.00000283
0.00000207
0.00000057
-0.00012677
-0.00012216
-0.00012878
0.00001404
-0.00000659
-0.00000782
-0.00107330
-0.00110269
-0.00107496
5.66666994
6.66666191
-0.99999865
24.66638912
1.99971988
1.99973061
8.25823698
9.11043903
-1.41044718
34.81716164
2.79054556
2.84929033
0.00000331
0.00000036
-0.00000385
-0.00020067
-0.00021019
-0.00020628
-0.00001230
0.00000780
0.00000419
-0.00094640
-0.00092461
-0.00095118
5.66666735
6.66666548
-0.99999967
24.66665172
1.99998469
1.99998707
13.61551844
15.02058456
-2.32543197
57.40290077
4.59995703
4.69678124
-0.00000479
0.00000154
0.00000303
-0.00027833
-0.00026788
-0.00027635
0.00000880
-0.00000524
-0.00000385
-0.00062272
-0.00063965
-0.00062085
-0.00000477
0.00000437
0.00000021
-0.00031282
-0.00030618
-0.00031837
0.00000872
-0.00000256
-0.00000642
-0.00065512
-0.00067542
-0.00066028
-0.00000473
-0.00000071
0.00000529
-0.00038838
-0.00037508
-0.00038039
0.00000855
-0.00000709
-0.00000167
-0.00072492
-0.00073868
-0.00071764
-0.00000144
-0.00000012
0.00000139
-0.00004445
-0.00004057
-0.00004243
0.00002255
-0.00001198
-0.00001109
-0.00179988
-0.00184523
-0.00179866
0.00000333
-0.00000252
-0.00000102
-0.00016573
-0.00017146
-0.00016373
-0.00001242
0.00000538
0.00000669
-0.00091642
-0.00089113
-0.00091467
0.00000537
-0.00000571
0.00000018
-0.00044887
-0.00045585
-0.00044099
-0.00000759
0.00000086
0.00000653
-0.00062828
-0.00060960
-0.00062075
0.00000546
-0.00000078
-0.00000488
-0.00037418
-0.00038799
-0.00037966
-0.00000770
0.00000573
0.00000174
-0.00055659
-0.00054408
-0.00056190
0.00000184
-0.00000176
-0.00000025
-0.00006410
-0.00006678
-0.00006208
-0.00001995
0.00000920
0.00001027
-0.00154518
-0.00150530
-0.00154378
-0.00000283
0.00000057
0.00000207
-0.00012878
-0.00012216
-0.00012677
0.00001404
-0.00000782
-0.00000659
-0.00107496
-0.00110269
-0.00107330
0.00000550
-0.00000360
-0.00000213
-0.00033998
-0.00035013
-0.00033802
-0.00000775
0.00000302
0.00000446
-0.00052350
-0.00050727
-0.00052159
5.66667189
-0.99999942
6.66666077
1.99947515
1.99946016
24.66613314
6.43152342
-1.09845721
7.09521496
2.21911100
2.17335508
27.11571121
5.66666849
-0.99999887
6.66666355
1.99990072
1.99989420
24.66656172
10.60378194
-1.81104975
11.69803911
3.65828076
3.58286164
44.70584476
-0.00000283
0.00000345
-0.00000078
-0.00016382
-0.00016105
-0.00016946
0.00001388
-0.00000544
-0.00000878
-0.00110350
-0.00113400
-0.00110800
0.00000331
-0.00000385
0.00000036
-0.00020628
-0.00021019
-0.00020067
-0.00001230
0.00000419
0.00000780
-0.00095118
-0.00092461
-0.00094640
5.66666994
-0.99999865
6.66666191
1.99973061
1.99971988
24.66638912
8.25823698
-1.41044718
9.11043903
2.84929033
2.79054556
34.81716164
5.66666735
-0.99999967
6.66666548
1.99998707
1.99998469
24.66665172
13.61551844
-2.32543197
15.02058456
4.69678124
4.59995703
57.40290077
-0.00000479
0.00000303
0.00000154
-0.00027635
-0.00026788
-0.00027833
0.00000880
-0.00000385
-0.00000524
-0.00062085
-0.00063965
-0.00062272
-0.00000473
0.00000529
-0.00000071
-0.00038039
-0.00037508
-0.00038838
0.00000855
-0.00000167
-0.00000709
-0.00071764
-0.00073868
-0.00072492
-0.00000477
0.00000021
0.00000437
-0.00031837
-0.00030618
-0.00031282
0.00000872
-0.00000642
-0.00000256
-0.00066028
-0.00067542
-0.00065512
-0.00000144
0.00000139
-0.00000012
-0.00004243
-0.00004057
-0.00004445
0.00002255
-0.00001109
-0.00001198
-0.00179866
-0.00184523
-0.00179988
0.00000333
-0.00000102
-0.00000252
-0.00016373
-0.00017146
-0.00016573
-0.00001242
0.00000669
0.00000538
-0.00091467
-0.00089113
-0.00091642
5.66667084
6.66666127
-0.99999888
24.66627160
1.99960079
1.99961365
7.28786975
8.03993299
-1.24471520
30.72609439
2.46270341
2.51454872
0.00000430
-0.00000080
-0.00000370
-0.00025378
-0.00026442
-0.00025766
-0.00000978
0.00000609
0.00000340
-0.00070792
-0.00069045
-0.00071150
5.66666790
6.66666449
-0.99999922
24.66661700
1.99994982
1.99995427
12.01565618
13.25561715
-2.05218758
50.65814092
4.05970086
4.14515516
-0.00000371
0.00000030
0.00000322
-0.00020964
-0.00020035
-0.00020574
0.00001107
-0.00000697
-0.00000441
-0.00083645
-0.00085723
-0.00083300
0.00000430
-0.00000370
-0.00000080
-0.00025766
-0.00026442
-0.00025378
-0.00000978
0.00000340
0.00000609
-0.00071150
-0.00069045
-0.00070792
5.66667084
-0.99999888
6.66666127
1.99961365
1.99960079
24.66627160
7.28786975
-1.24471520
8.03993299
2.51454872
2.46270341
30.72609439
5.66666790
-0.99999922
6.66666449
1.99995427
1.99994982
24.66661700
12.01565618
-2.05218758
13.25561715
4.14515516
4.05970086
50.65814092
-0.00000371
0.00000322
0.00000030
-0.00020574
-0.00020035
-0.00020964
0.00001107
-0.00000441
-0.00000697
-0.00083300
-0.00085723
-0.00083645
5.66666916
6.66666269
-0.99999866
24.66648579
1.99981762
1.99982623
9.35780671
10.32348156
-1.59824602
39.45290726
3.16199912
3.22856115
5.66666916
-0.99999866
6.66666269
1.99982623
1.99981762
24.66648579
9.35780671
-1.59824602
10.32348156
3.22856115
3.16199912
39.45290726
11.33333350
5.66666650
5.66666650
26.66666599
3.99999898
26.66666599
30.85683918
14.38547695
14.38547695
70.37067339
10.42732067
70.37067339
-0.00000611
0.00000293
0.00000293
-0.00038047
-0.00036840
-0.00038047
0.00000697
-0.00000362
-0.00000362
-0.00045892
-0.00047305
-0.00045892
-0.00000605
0.00000549
0.00000037
-0.00045034
-0.00044183
-0.00045714
0.00000686
-0.00000104
-0.00000602
-0.00052778
-0.00054505
-0.00053446
-0.00000605
0.00000037
0.00000549
-0.00045714
-0.00044183
-0.00045034
0.00000686
-0.00000602
-0.00000104
-0.00053446
-0.00054505
-0.00052778
-0.00000208
0.00000095
0.00000095
-0.00007369
-0.00006956
-0.00007369
0.00001780
-0.00000912
-0.00000912
-0.00139008
-0.00142632
-0.00139008
0.00000253
-0.00000136
-0.00000136
-0.00010133
-0.00010643
-0.00010133
-0.00001575
0.00000767
0.00000767
-0.00118901
-0.00115806
-0.00118901
-0.00000595
0.00000606
-0.00000026
-0.00052680
-0.00051932
-0.00053520
0.00000670
-0.00000037
-0.00000647
-0.00060273
-0.00062046
-0.00061091
-0.00000610
0.00000151
0.00000436
-0.00040171
-0.00038777
-0.00039790
0.00000694
-0.00000499
-0.00000219
-0.00047988
-0.00049209
-0.00047613
-0.00000209
0.00000243
-0.00000052
-0.00009170
-0.00008953
-0.00009563
0.00001769
-0.00000802
-0.00001010
-0.00140327
-0.00144071
-0.00140609
0.00000252
0.00000012
-0.00000282
-0.00011932
-0.00012637
-0.00012324
-0.00001566
0.00000880
0.00000647
-0.00120321
-0.00117397
-0.00120629
-0.00000610
0.00000436
0.00000151
-0.00039790
-0.00038777
-0.00040171
0.00000694
-0.00000219
-0.00000499
-0.00047613
-0.00049209
-0.00047988
-0.00000595
-0.00000026
0.00000606
-0.00053520
-0.00051932
-0.00052680
0.00000670
-0.00000647
-0.00000037
-0.00061091
-0.00062046
-0.00060273
-0.00000209
-0.00000052
0.00000243
-0.00009563
-0.00008953
-0.00009170
0.00001769
-0.00001010
-0.00000802
-0.00140609
-0.00144071
-0.00140327
0.00000252
-0.00000282
0.00000012
-0.00012324
-0.00012637
-0.00011932
-0.00001566
0.00000647
0.00000880
-0.00120629
-0.00117397
-0.00120321
-0.00000370
0.00000441
-0.00000087
-0.00025973
-0.00025595
-0.00026676
0.00001090
-0.00000334
-0.00000783
-0.00088022
-0.00090541
-0.00088625
-0.00000370
-0.00000087
0.00000441
-0.00026676
-0.00025595
-0.00025973
0.00001090
-0.00000783
-0.00000334
-0.00088625
-0.00090541
-0.00088022
-0.00000087
0.00000035
0.00000035
-0.00001509
-0.00001336
-0.00001509
0.00002876
-0.00001470
-0.00001470
-0.00231274
-0.00237139
-0.00231274
0.00000431
-0.00000226
-0.00000226
-0.00023600
-0.00024472
-0.00023600
-0.00000982
0.00000476
0.00000476
-0.00069152
-0.00067218
-0.00069152
0.00000425
-0.00000482
0.00000040
-0.00031442
-0.00031956
-0.00030744
-0.00000966
0.00000233
0.00000708
-0.00076313
-0.00074098
-0.00075683
0.00000425
0.00000040
-0.00000482
-0.00030744
-0.00031956
-0.00031442
-0.00000966
0.00000708
0.00000233
-0.00075683
-0.00074098
-0.00076313
0.00000123
-0.00000070
-0.00000070
-0.00002769
-0.00003017
-0.00002769
-0.00002543
0.00001242
0.00001242
-0.00198794
-0.00193805
-0.00198794
-0.00000372
0.00000175
0.00000175
-0.00018788
-0.00018052
-0.00018788
0.00001112
-0.00000573
-0.00000573
-0.00081709
-0.00083970
-0.00081709
0.00000611
-0.00000034
-0.00000587
-0.00056200
-0.00057779
-0.00056923
-0.00000027
-0.00000644
0.00000659
-0.00066164
-0.00065235
-0.00064407
0.00000220
0.00000367
-0.00000611
-0.00037331
-0.00038439
-0.00038634
-0.00000433
-0.00000289
0.00000696
-0.00047788
-0.00046279
-0.00046472
0.00000309
-0.00000116
-0.00000209
-0.00011361
-0.00012057
-0.00011491
-0.00000753
-0.00001043
0.00001755
-0.00145759
-0.00142381
-0.00141985
0.00000078
-0.00000345
0.00000251
-0.00015039
-0.00014813
-0.00014248
0.00000924
0.00000594
-0.00001556
-0.00119278
-0.00122551
-0.00122117
0.00000498
0.00000089
-0.00000608
-0.00041102
-0.00042573
-0.00042028
-0.00000157
-0.00000557
0.00000691
-0.00051490
-0.00050355
-0.00049820
-0.00000001
0.00000585
-0.00000601
-0.00047856
-0.00048648
-0.00049428
-0.00000633
-0.00000063
0.00000679
-0.00058089
-0.00056327
-0.00057090
0.00000020
0.00000171
-0.00000208
-0.00007461
-0.00007774
-0.00007975
-0.00000965
-0.00000856
0.00001777
-0.00142999
-0.00139307
-0.00139454
-0.00000211
-0.00000060
0.00000252
-0.00011147
-0.00010537
-0.00010739
0.00000705
0.00000827
-0.00001572
-0.00116212
-0.00119221
-0.00119381
0.00000482
-0.00000127
-0.00000368
-0.00029401
-0.00030532
-0.00029720
-0.00000298
-0.00000802
0.00001076
-0.00093745
-0.00091893
-0.00091214
-0.00000034
0.00000387
-0.00000371
-0.00022421
-0.00022873
-0.00023434
-0.00000747
-0.00000383
0.00001100
-0.00087809
-0.00085327
-0.00085817
0.00000111
-0.00000041
-0.00000087
-0.00001842
-0.00002116
-0.00001914
-0.00001436
-0.00001498
0.00002870
-0.00237353
-0.00231542
-0.00231455
-0.00000152
-0.00000300
0.00000431
-0.00024971
-0.00024199
-0.00024000
0.00000545
0.00000406
-0.00000981
-0.00067682
-0.00069706
-0.00069522
-0.00000432
-0.00000015
0.00000428
-0.00028810
-0.00027665
-0.00028221
0.00000281
0.00000665
-0.00000974
-0.00071227
-0.00072888
-0.00073397
0.00000083
-0.00000519
0.00000422
-0.00035721
-0.00035266
-0.00034462
0.00000737
0.00000198
-0.00000957
-0.00077486
-0.00079722
-0.00079009
0.00000005
-0.00000146
0.00000123
-0.00003523
-0.00003376
-0.00003175
0.00001284
0.00001197
-0.00002539
-0.00194093
-0.00199129
-0.00199017
0.00000251
0.00000101
-0.00000372
-0.00018554
-0.00019389
-0.00019190
-0.00000506
-0.00000638
0.00001111
-0.00084415
-0.00082246
-0.00082068
0.00000585
-0.00000001
-0.00000601
-0.00047856
-0.00049428
-0.00048648
-0.00000063
-0.00000633
0.00000679
-0.00058089
-0.00057090
-0.00056327
0.00000089
0.00000498
-0.00000608
-0.00041102
-0.00042028
-0.00042573
-0.00000557
-0.00000157
0.00000691
-0.00051490
-0.00049820
-0.00050355
0.00000171
0.00000020
-0.00000208
-0.00007461
-0.00007975
-0.00007774
-0.00000856
-0.00000965
0.00001777
-0.00142999
-0.00139454
-0.00139307
-0.00000060
-0.00000211
0.00000252
-0.00011147
-0.00010739
-0.00010537
0.00000827
0.00000705
-0.00001572
-0.00116212
-0.00119381
-0.00119221
0.00000367
0.00000220
-0.00000611
-0.00037331
-0.00038634
-0.00038439
-0.00000289
-0.00000433
0.00000696
-0.00047788
-0.00046472
-0.00046279
-0.00000034
0.00000611
-0.00000587
-0.00056200
-0.00056923
-0.00057779
-0.00000644
-0.00000027
0.00000659
-0.00066164
-0.00064407
-0.00065235
-0.00000116
0.00000309
-0.00000209
-0.00011361
-0.00011491
-0.00012057
-0.00001043
-0.00000753
0.00001755
-0.00145759
-0.00141985
-0.00142381
-0.00000345
0.00000078
0.00000251
-0.00015039
-0.00014248
-0.00014813
0.00000594
0.00000924
-0.00001556
-0.00119278
-0.00122117
-0.00122551
0.00000387
-0.00000034
-0.00000371
-0.00022421
-0.00023434
-0.00022873
-0.00000383
-0.00000747
0.00001100
-0.00087809
-0.00085817
-0.00085327
-0.00000127
0.00000482
-0.00000368
-0.00029401
-0.00029720
-0.00030532
-0.00000802
-0.00000298
0.00001076
-0.00093745
-0.00091214
-0.00091893
-0.00000041
0.00000111
-0.00000087
-0.00001842
-0.00001914
-0.00002116
-0.00001498
-0.00001436
0.00002870
-0.00237353
-0.00231455
-0.00231542
-0.00000300
-0.00000152
0.00000431
-0.00024971
-0.00024000
-0.00024199
0.00000406
0.00000545
-0.00000981
-0.00067682
-0.00069522
-0.00069706
-0.00000519
0.00000083
0.00000422
-0.00035721
-0.00034462
-0.00035266
0.00000198
0.00000737
-0.00000957
-0.00077486
-0.00079009
-0.00079722
-0.00000015
-0.00000432
0.00000428
-0.00028810
-0.00028221
-0.00027665
0.00000665
0.00000281
-0.00000974
-0.00071227
-0.00073397
-0.00072888
-0.00000146
0.00000005
0.00000123
-0.00003523
-0.00003175
-0.00003376
0.00001197
0.00001284
-0.00002539
-0.00194093
-0.00199017
-0.00199129
0.00000101
0.00000251
-0.00000372
-0.00018554
-0.00019190
-0.00019389
-0.00000638
-0.00000506
0.00001111
-0.00084415
-0.00082068
-0.00082246
0.00000553
-0.00000097
-0.00000469
-0.00041690
-0.00043044
-0.00042179
-0.00000143
-0.00000718
0.00000843
-0.00077623
-0.00076293
-0.00075519
0.00000084
0.00000374
-0.00000478
-0.00028255
-0.00029007
-0.00029393
-0.00000587
-0.00000317
0.00000877
-0.00065340
-0.00063378
-0.00063740
0.00000212
-0.00000084
-0.00000144
-0.00005551
-0.00006035
-0.00005641
-0.00001063
-0.00001232
0.00002244
-0.00185402
-0.00180944
-0.00180712
-0.00000029
-0.00000322
0.00000333
-0.00018629
-0.00018152
-0.00017761
0.00000729
0.00000475
-0.00001237
-0.00090403
-0.00093005
-0.00092668
0.00000374
0.00000084
-0.00000478
-0.00028255
-0.00029393
-0.00029007
-0.00000317
-0.00000587
0.00000877
-0.00065340
-0.00063740
-0.00063378
-0.00000097
0.00000553
-0.00000469
-0.00041690
-0.00042179
-0.00043044
-0.00000718
-0.00000143
0.00000843
-0.00077623
-0.00075519
-0.00076293
-0.00000084
0.00000212
-0.00000144
-0.00005551
-0.00005641
-0.00006035
-0.00001232
-0.00001063
0.00002244
-0.00185402
-0.00180712
-0.00180944
-0.00000322
-0.00000029
0.00000333
-0.00018629
-0.00017761
-0.00018152
0.00000475
0.00000729
-0.00001237
-0.00090403
-0.00092668
-0.00093005
0.00000400
-0.00000132
-0.00000283
-0.00019301
-0.00020213
-0.00019504
-0.00000500
-0.00000906
0.00001374
-0.00115896
-0.00113372
-0.00112823
-0.00000132
0.00000400
-0.00000283
-0.00019301
-0.00019504
-0.00020213
-0.00000906
-0.00000500
0.00001374
-0.00115896
-0.00112823
-0.00113372
0.00000009
0.00000009
-0.00000034
-0.00000204
-0.00000272
-0.00000272
-0.00001876
-0.00001876
0.00003674
-0.00304696
-0.00297198
-0.00297198
-0.00000287
-0.00000287
0.00000550
-0.00034521
-0.00033407
-0.00033407
0.00000374
0.00000374
-0.00000776
-0.00050247
-0.00051776
-0.00051776
-0.00000537
-0.00000024
0.00000542
-0.00041893
-0.00040449
-0.00041135
0.00000123
0.00000620
-0.00000766
-0.00057403
-0.00058579
-0.00059239
-0.00000024
-0.00000537
0.00000542
-0.00041893
-0.00041135
-0.00040449
0.00000620
0.00000123
-0.00000766
-0.00057403
-0.00059239
-0.00058579
-0.00000101
-0.00000101
0.00000184
-0.00006173
-0.00005803
-0.00005803
0.00000975
0.00000975
-0.00001998
-0.00150174
-0.00154098
-0.00154098
0.00000132
0.00000132
-0.00000283
-0.00011712
-0.00012273
-0.00012273
-0.00000722
-0.00000722
0.00001406
-0.00109856
-0.00106996
-0.00106996
-0.00000589
0.00000045
0.00000530
-0.00049685
-0.00048180
-0.00049029
0.00000064
0.00000670
-0.00000750
-0.00064882
-0.00065953
-0.00066757
-0.00000142
-0.00000428
0.00000548
-0.00036465
-0.00035545
-0.00035163
0.00000513
0.00000234
-0.00000773
-0.00052140
-0.00053850
-0.00053479
-0.00000247
0.00000047
0.00000183
-0.00008171
-0.00007605
-0.00007999
0.00000868
0.00001072
-0.00001987
-0.00151568
-0.00155334
-0.00155602
-0.00000015
0.00000279
-0.00000283
-0.00013705
-0.00014069
-0.00014461
-0.00000835
-0.00000599
0.00001398
-0.00111479
-0.00108475
-0.00108794
-0.00000428
-0.00000142
0.00000548
-0.00036465
-0.00035163
-0.00035545
0.00000234
0.00000513
-0.00000773
-0.00052140
-0.00053479
-0.00053850
0.00000045
-0.00000589
0.00000530
-0.00049685
-0.00049029
-0.00048180
0.00000670
0.00000064
-0.00000750
-0.00064882
-0.00066757
-0.00065953
0.00000047
-0.00000247
0.00000183
-0.00008171
-0.00007999
-0.00007605
0.00001072
0.00000868
-0.00001987
-0.00151568
-0.00155602
-0.00155334
0.00000279
-0.00000015
-0.00000283
-0.00013705
-0.00014461
-0.00014069
-0.00000599
-0.00000835
0.00001398
-0.00111479
-0.00108794
-0.00108475
-0.00000437
0.00000092
0.00000330
-0.00024198
-0.00023176
-0.00023882
0.00000373
0.00000817
-0.00001220
-0.00095152
-0.00097255
-0.00097842
0.00000092
-0.00000437
0.00000330
-0.00024198
-0.00023882
-0.00023176
0.00000817
0.00000373
-0.00001220
-0.00095152
-0.00097842
-0.00097255
-0.00000043
-0.00000043
0.00000069
-0.00001025
-0.00000888
-0.00000888
0.00001587
0.00001587
-0.00003246
-0.00249358
-0.00255721
-0.00255721
0.00000228
0.00000228
-0.00000479
-0.00026290
-0.00027237
-0.00027237
-0.00000455
-0.00000455
0.00000881
-0.00063498
-0.00061709
-0.00061709
0.00000490
-0.00000032
-0.00000476
-0.00033755
-0.00035039
-0.00034345
-0.00000205
-0.00000683
0.00000865
-0.00070441
-0.00069003
-0.00068362
-0.00000032
0.00000490
-0.00000476
-0.00033755
-0.00034345
-0.00035039
-0.00000683
-0.00000205
0.00000865
-0.00070441
-0.00068362
-0.00069003
0.00000063
0.00000063
-0.00000144
-0.00003551
-0.00003838
-0.00003838
-0.00001156
-0.00001156
0.00002259
-0.00184220
-0.00179617
-0.00179617
-0.00000177
-0.00000177
0.00000334
-0.00016644
-0.00015970
-0.00015970
0.00000604
0.00000604
-0.00001243
-0.00088673
-0.00091118
-0.00091118
